0 2
0 4
0 6
0 17
1 3
1 4
1 7
1 8
2 0
2 3
2 6
2 7
2 8
2 19
3 1
3 2
3 5
3 6
3 7
3 8
3 19
4 0
4 1
4 6
4 7
4 8
4 9
4 17
5 2
5 3
5 6
5 8
5 9
5 10
5 13
5 17
5 18
5 19
6 0
6 1
6 2
6 3
6 4
6 5
6 8
6 9
6 10
6 13
6 14
7 0
7 2
7 3
7 4
7 18
7 19
8 1
8 2
8 3
8 4
8 6
8 14
8 17
9 0
9 1
9 4
9 5
9 6
9 13
9 17
10 1
10 3
10 17
11 0
11 1
11 4
11 5
11 6
11 7
11 9
11 10
11 13
11 17
11 18
12 0
12 1
12 2
12 3
12 4
12 5
12 6
12 9
12 10
12 17
12 18
12 19
13 2
13 3
13 4
13 6
13 7
13 8
13 12
13 13
13 18
14 6
14 8
15 0
15 1
15 3
15 4
15 13
15 17
16 0
16 1
16 4
17 0
17 1
17 4
17 5
17 6
17 8
18 0
18 1
18 2
18 3
18 5
18 6
18 7
18 8
18 11
18 17
19 1
19 2
19 3
19 4
19 5
19 6
19 7
19 10
19 17
19 18
20 0
20 1
20 3
21 8
22 8
23 1
24 0
24 2
24 8
24 212
25 1
25 3
25 213
26 0
26 1
26 3
26 4
26 5
26 8
26 9
26 10
26 11
26 12
26 17
26 19
27 0
27 2
27 3
27 9
27 11
27 17
27 18
28 1
28 10
28 12
28 13
28 17
29 1
29 2
29 4
29 7
29 8
29 9
29 11
29 13
29 17
29 18
29 19
30 2
30 3
30 5
30 6
30 9
30 11
30 13
30 14
30 18
30 19
31 1
31 2
31 3
31 5
31 6
31 10
31 13
31 14
31 18
31 19
32 14
33 6
33 14
34 14
35 14
36 14
37 16
37 212
38 15
38 16
38 213
39 15
39 16
40 14
41 8
42 2
42 8
43 3
44 7
44 8
44 13
45 6
45 9
45 13
45 14
46 6
46 10
46 12
46 13
46 14
47 13
47 14
48 14
49 7
49 12
49 18
49 19
50 55
50 66
50 67
50 76
50 133
51 67
51 98
51 144
51 185
52 60
52 68
52 135
52 143
52 151
52 152
52 236
53 136
53 150
53 438
54 58
54 72
54 141
54 151
55 50
55 51
55 61
55 63
55 69
55 71
55 142
55 144
55 148
55 152
55 438
56 50
56 54
56 72
56 134
56 135
56 143
56 236
57 51
57 55
57 59
57 66
57 67
57 69
57 116
57 133
57 136
57 142
57 144
58 54
58 60
58 62
58 64
58 71
58 72
58 163
58 438
58 439
59 55
59 63
59 77
59 140
59 142
59 156
59 162
59 438
60 51
60 54
60 58
60 61
60 64
60 65
60 67
60 72
60 133
60 134
60 142
60 143
60 147
61 50
61 51
61 55
61 57
61 59
61 60
61 64
61 65
61 66
61 67
61 68
61 69
61 72
61 73
61 134
61 141
61 142
61 143
61 144
61 148
61 152
62 50
62 58
62 70
62 76
62 140
62 143
62 145
62 147
62 174
62 212
63 55
63 59
63 60
63 63
63 67
63 71
63 74
63 77
63 136
63 137
63 140
63 142
63 148
63 162
63 165
63 198
63 213
64 54
64 61
64 62
64 64
64 65
64 66
64 113
64 134
64 141
64 147
65 55
65 60
65 61
65 63
65 133
65 134
65 140
65 142
65 175
66 50
66 51
66 58
66 60
66 61
66 67
66 72
66 118
66 134
66 141
66 143
66 144
67 50
67 51
67 60
67 61
67 62
67 63
67 66
67 73
67 141
67 143
67 144
67 147
67 148
67 179
68 50
68 52
68 56
68 61
68 70
68 135
68 143
68 151
68 438
69 52
69 53
69 136
69 144
69 152
69 163
69 438
70 54
70 58
70 72
70 76
70 140
70 143
70 176
70 178
70 438
70 439
71 51
71 59
71 61
71 63
71 67
71 71
71 73
71 140
71 154
71 156
71 161
71 162
71 165
71 177
71 178
71 189
71 210
71 438
72 61
72 62
72 70
72 83
72 143
72 153
72 174
72 176
72 438
73 51
73 61
73 69
73 71
73 73
73 77
73 112
73 116
73 139
73 144
73 156
73 163
73 179
73 180
73 210
73 242
73 438
74 63
74 75
74 84
74 133
74 137
74 146
74 173
74 175
74 203
74 212
75 74
75 76
75 84
75 111
75 134
75 137
75 140
75 142
75 145
75 172
75 174
75 197
75 213
76 62
76 70
76 76
76 84
76 94
76 109
76 115
76 119
76 134
76 135
76 138
76 140
76 145
76 153
76 169
76 174
76 176
76 197
77 63
77 73
77 74
77 98
77 110
77 112
77 114
77 118
77 130
77 134
77 136
77 139
77 140
77 146
77 154
77 156
77 165
77 175
77 177
77 202
77 224
77 230
78 174
78 236
78 237
78 240
79 98
79 175
79 177
79 185
79 236
79 237
79 239
79 245
79 247
80 237
80 238
80 241
80 249
81 183
81 242
81 250
82 83
82 86
82 158
82 206
82 240
82 248
83 159
83 239
83 247
84 75
84 94
84 140
84 163
84 164
84 165
84 179
84 197
84 211
85 167
85 168
85 169
85 193
86 82
86 83
86 86
86 97
86 113
86 135
86 155
86 157
86 169
86 190
86 201
86 248
87 77
87 158
87 159
87 177
88 89
88 186
88 190
89 89
89 99
89 100
89 159
89 187
92 82
92 93
92 97
92 98
92 178
92 205
92 211
93 92
93 98
93 190
93 251
93 261
94 82
94 83
94 84
94 89
94 90
94 91
94 92
94 93
94 96
94 99
94 100
94 101
94 102
94 105
94 106
94 140
94 145
94 147
94 148
94 159
94 163
94 174
94 175
94 179
94 186
94 206
94 210
94 211
94 259
94 303
95 96
95 150
95 161
95 164
95 168
95 211
95 272
96 95
96 150
96 169
96 188
96 211
97 92
97 97
97 98
97 109
97 121
97 129
97 157
97 249
98 79
98 88
98 92
98 93
98 97
98 110
98 122
98 139
98 158
98 177
98 224
99 89
99 90
99 91
99 94
99 186
99 209
99 210
99 211
100 89
100 90
100 91
100 99
100 159
100 160
100 186
100 209
101 102
101 170
102 101
102 105
102 106
103 85
103 101
103 102
103 104
103 166
104 101
104 102
104 103
105 104
105 106
105 171
106 104
106 105
106 297
107 107
107 113
107 127
108 128
109 67
109 76
109 97
109 111
109 125
109 129
109 137
109 237
109 249
110 60
110 98
110 122
110 137
110 139
110 177
111 137
112 116
112 132
112 137
112 217
112 226
113 52
113 76
113 86
113 97
113 121
113 123
113 134
113 135
113 137
113 138
113 149
113 169
113 176
113 180
113 181
113 197
113 202
113 226
113 248
114 77
114 87
114 98
114 108
114 113
114 114
114 116
114 118
114 122
114 139
114 149
114 181
114 227
115 86
115 97
115 119
115 121
115 137
115 149
115 172
115 180
115 198
115 216
115 222
115 231
115 238
116 50
116 51
116 69
116 73
116 74
116 87
116 98
116 120
116 122
116 136
116 137
116 139
116 149
116 156
116 158
116 159
116 198
116 237
116 242
117 94
117 113
117 121
117 123
117 138
117 147
117 172
117 235
118 114
118 128
118 149
118 154
118 215
119 115
119 121
119 131
120 59
120 63
120 116
120 137
120 149
120 173
120 175
120 217
120 226
121 97
121 113
121 115
121 117
121 119
121 121
121 129
121 138
121 183
121 202
121 212
122 60
122 73
122 98
122 110
122 114
122 116
122 122
122 128
122 130
122 132
122 139
122 149
122 173
122 177
122 182
122 184
122 218
122 224
122 225
123 107
123 109
123 113
123 117
123 137
124 108
124 110
124 114
124 118
124 122
124 136
124 137
124 139
124 212
124 213
125 72
125 75
125 76
125 109
125 111
125 115
125 119
125 131
125 137
125 174
125 180
125 212
125 227
126 59
126 63
126 73
126 77
126 110
126 112
126 116
126 132
126 137
126 175
126 213
126 226
127 76
127 107
127 113
127 117
127 185
127 214
128 108
128 114
128 118
128 122
128 124
128 128
128 139
128 159
128 215
128 222
128 227
129 97
129 109
129 131
129 138
129 216
129 219
129 224
129 225
129 227
130 98
130 110
130 114
130 128
130 132
130 139
130 198
130 213
130 217
130 218
130 222
130 224
130 226
130 230
131 111
131 115
131 119
131 121
131 131
131 159
131 216
132 112
132 116
132 120
132 122
132 126
132 159
132 217
132 248
133 74
133 113
133 134
133 142
133 146
133 173
133 189
134 56
134 64
134 134
134 146
135 68
135 76
135 86
135 143
135 160
135 161
135 176
135 241
136 59
136 69
136 77
136 136
136 140
136 152
136 177
136 438
137 63
137 97
137 107
137 109
137 110
137 111
137 112
137 113
137 114
137 119
137 123
137 124
137 126
137 141
137 173
137 174
137 191
137 204
137 212
137 213
137 214
137 217
137 221
137 239
138 97
138 113
138 129
138 138
138 169
139 73
139 77
139 87
139 98
139 110
139 114
139 180
139 181
139 213
140 55
140 59
140 60
140 62
140 63
140 70
140 72
140 76
140 77
140 84
140 94
140 141
140 143
140 162
140 163
140 164
140 174
140 175
140 177
140 197
140 438
141 50
141 54
141 58
141 60
141 61
141 64
141 66
141 67
141 75
141 137
141 142
141 145
142 50
142 55
142 57
142 59
142 60
142 61
142 63
142 65
142 67
142 137
142 146
142 179
143 50
143 51
143 56
143 58
143 60
143 61
143 62
143 66
143 67
143 68
143 69
143 70
143 72
143 134
143 135
143 147
143 151
143 152
143 153
143 161
143 438
143 439
144 51
144 55
144 57
144 61
144 66
144 67
144 69
144 71
144 73
144 133
144 136
144 144
144 148
144 152
144 179
145 62
145 76
145 94
145 107
145 134
145 140
145 172
145 179
146 55
146 63
146 74
146 77
146 94
146 133
146 134
146 137
146 173
146 198
147 50
147 54
147 58
147 60
147 61
147 62
147 66
147 70
147 76
147 94
147 117
147 137
147 140
147 141
147 143
147 145
147 156
147 174
147 181
147 197
147 239
147 438
147 439
148 55
148 59
148 63
148 74
148 94
148 137
148 140
148 142
148 144
148 146
148 173
148 174
148 175
148 178
148 202
148 236
148 438
148 439
149 82
149 92
149 113
149 119
149 122
149 149
149 172
149 173
149 189
149 191
149 194
149 200
149 203
149 210
149 221
149 224
149 225
149 235
149 236
150 52
150 69
150 72
150 136
150 193
151 52
151 101
151 102
151 135
151 143
151 160
151 161
151 187
151 438
152 53
152 102
152 105
152 106
152 160
152 162
152 165
152 170
152 190
152 439
152 441
152 442
153 54
153 62
153 70
153 72
153 76
153 93
153 97
153 119
153 138
153 143
153 153
153 157
153 164
153 176
153 180
153 298
154 63
154 71
154 73
154 77
154 93
154 98
154 120
154 139
154 140
154 144
154 159
154 177
154 180
154 181
154 200
154 217
155 86
155 97
155 135
155 143
155 156
155 157
155 160
155 176
155 178
155 438
156 55
156 59
156 69
156 73
156 77
156 114
156 136
156 144
156 152
156 154
156 160
156 162
156 189
156 439
157 86
157 88
157 97
157 168
157 169
157 187
158 87
158 88
158 114
158 136
158 162
158 168
158 439
159 82
159 88
159 89
159 94
159 96
159 99
159 115
159 128
159 138
159 154
159 159
159 167
159 169
159 211
159 237
159 242
159 444
160 70
160 95
160 101
160 135
160 136
160 156
160 161
160 162
160 163
160 170
160 241
160 438
160 439
160 440
160 444
161 135
161 136
161 152
161 160
161 162
161 163
161 176
161 190
161 247
161 438
161 439
161 444
162 63
162 71
162 85
162 88
162 97
162 101
162 135
162 157
162 158
162 160
162 161
162 163
162 165
162 189
162 211
162 242
162 439
163 58
163 70
163 101
163 102
163 105
163 106
163 135
163 136
163 151
163 155
163 160
163 161
163 162
163 164
163 241
163 439
163 443
164 84
164 95
164 102
164 140
164 151
164 153
164 155
164 162
164 163
164 171
164 174
164 176
164 187
164 241
164 245
165 63
165 71
165 84
165 85
165 94
165 140
165 156
165 161
165 162
165 168
165 194
165 206
165 211
165 439
165 440
165 441
165 442
166 105
166 168
166 192
166 193
166 208
166 209
166 297
167 85
167 106
167 196
167 208
167 209
167 211
168 85
168 88
168 103
168 157
168 158
168 160
168 166
168 167
168 170
168 208
169 88
169 136
169 157
169 158
169 168
169 169
169 170
169 189
169 206
169 260
169 296
169 303
169 314
169 439
169 442
169 445
170 85
170 95
170 101
170 102
170 103
170 160
170 161
170 163
170 165
170 168
170 170
170 210
170 301
170 445
171 160
171 194
172 50
172 62
172 75
172 107
172 113
172 115
172 117
172 119
172 121
172 133
172 134
172 137
172 141
172 145
172 149
172 174
172 179
172 188
172 197
172 199
172 216
172 220
172 236
173 74
173 75
173 114
173 118
173 120
173 122
173 133
173 137
173 142
173 146
173 149
173 175
173 178
173 188
173 198
173 200
173 203
173 220
173 221
173 224
173 237
174 58
174 62
174 72
174 74
174 75
174 76
174 84
174 97
174 98
174 140
174 147
174 163
174 164
174 172
174 179
174 182
174 187
174 188
174 191
174 209
175 55
175 62
175 63
175 74
175 77
175 97
175 98
175 140
175 165
175 173
175 177
175 178
175 188
175 191
175 233
176 76
176 78
176 86
176 97
176 113
176 115
176 129
176 135
176 140
176 143
176 151
176 157
176 161
176 174
176 181
176 183
176 187
176 201
176 225
176 231
177 71
177 77
177 98
177 110
177 114
177 136
177 139
177 140
177 152
177 202
177 242
177 438
177 439
178 50
178 56
178 60
178 61
178 62
178 64
178 66
178 67
178 68
178 70
178 72
178 74
178 83
178 92
178 134
178 141
178 143
178 147
178 148
178 153
178 154
178 173
178 175
178 178
178 181
178 182
178 183
178 184
178 188
178 191
178 199
178 200
178 439
179 51
179 57
179 58
179 60
179 61
179 62
179 66
179 67
179 69
179 71
179 73
179 82
179 92
179 144
179 145
179 147
179 148
179 153
179 154
179 172
179 174
179 176
179 181
179 183
179 185
179 188
179 191
179 199
179 207
179 231
179 238
179 298
180 73
180 76
180 83
180 86
180 108
180 109
180 113
180 114
180 115
180 116
180 124
180 125
180 138
180 139
180 153
180 181
180 230
181 73
181 77
181 82
181 83
181 86
181 108
181 113
181 114
181 115
181 116
181 123
181 124
181 126
181 138
181 139
181 147
181 153
181 179
181 180
181 199
181 230
182 80
182 157
182 176
182 177
182 178
182 179
182 186
182 187
182 197
182 199
182 229
182 232
182 241
182 298
183 81
183 82
183 94
183 97
183 178
183 179
183 186
183 198
183 199
183 228
183 232
183 242
183 298
184 50
184 78
184 81
184 94
184 133
184 178
184 180
184 199
184 200
184 230
184 240
185 79
185 94
185 177
185 178
185 179
185 185
185 199
185 200
185 203
185 209
185 235
185 239
186 88
186 89
186 99
186 100
186 149
186 159
186 175
186 187
186 188
186 191
186 200
186 203
186 204
187 147
187 149
187 174
187 175
187 181
187 191
187 194
187 199
187 203
187 204
187 224
187 225
188 111
188 152
188 165
188 170
188 171
188 172
188 175
188 191
188 192
188 193
188 194
188 203
188 204
188 216
188 440
188 441
188 444
189 72
189 73
189 84
189 93
189 135
189 154
189 156
189 158
189 159
189 160
189 161
189 162
189 165
189 166
189 168
189 169
189 170
189 177
189 190
189 192
189 195
189 200
189 207
189 210
189 438
189 439
189 442
190 72
190 73
190 76
190 85
190 88
190 93
190 98
190 119
190 136
190 153
190 155
190 156
190 157
190 159
190 161
190 162
190 163
190 166
190 167
190 168
190 169
190 170
190 189
190 193
190 206
190 210
190 241
191 102
191 152
191 168
191 169
191 170
191 175
191 188
191 195
191 196
191 201
191 203
191 217
191 307
191 316
191 319
191 439
191 440
191 441
191 442
191 444
192 70
192 71
192 72
192 73
192 82
192 84
192 85
192 88
192 91
192 92
192 93
192 95
192 96
192 97
192 103
192 104
192 135
192 139
192 153
192 154
192 162
192 166
192 167
192 168
192 169
192 170
192 175
192 177
192 189
192 190
192 193
192 201
192 202
192 207
192 208
192 209
192 210
192 211
192 289
193 70
193 71
193 72
193 73
193 76
193 84
193 85
193 86
193 88
193 90
193 91
193 92
193 93
193 94
193 95
193 98
193 101
193 102
193 103
193 104
193 119
193 125
193 136
193 145
193 150
193 153
193 154
193 163
193 164
193 166
193 167
193 168
193 169
193 170
193 172
193 190
193 192
193 196
193 202
193 206
193 208
193 209
193 210
193 211
193 246
193 439
194 97
194 120
194 131
194 149
194 152
194 160
194 165
194 168
194 169
194 171
194 191
194 196
194 206
194 211
194 440
194 442
194 445
195 166
195 167
195 168
195 169
195 194
195 308
195 321
196 167
196 168
196 169
196 195
196 211
196 308
197 50
197 58
197 62
197 66
197 67
197 70
197 72
197 75
197 76
197 78
197 84
197 94
197 97
197 111
197 115
197 116
197 119
197 137
197 140
197 141
197 145
197 147
197 172
197 179
197 198
197 199
197 208
197 222
197 224
197 225
197 228
197 229
197 235
197 236
197 237
197 238
198 59
198 60
198 63
198 71
198 74
198 77
198 84
198 94
198 98
198 112
198 116
198 120
198 137
198 140
198 142
198 146
198 148
198 150
198 156
198 165
198 173
198 175
198 185
198 197
198 198
198 224
198 225
198 227
198 228
198 229
198 235
198 236
198 237
198 238
198 242
199 70
199 79
199 147
199 149
199 153
199 155
199 172
199 178
199 179
199 180
199 181
199 182
199 183
199 184
199 185
199 186
199 187
199 197
199 199
199 200
199 224
199 235
199 238
199 298
199 438
199 439
200 94
200 148
200 149
200 154
200 156
200 162
200 165
200 178
200 179
200 180
200 181
200 182
200 183
200 184
200 185
200 186
200 187
200 194
200 197
200 199
200 202
200 203
200 225
200 235
200 236
200 439
201 74
201 75
201 76
201 82
201 86
201 93
201 94
201 97
201 109
201 114
201 116
201 117
201 118
201 120
201 122
201 130
201 140
201 145
201 147
201 148
201 149
201 150
201 153
201 154
201 169
201 170
201 172
201 173
201 174
201 176
201 178
201 179
201 186
201 189
201 192
201 194
201 202
201 206
201 208
201 209
201 210
201 211
201 235
201 299
201 310
201 439
202 71
202 74
202 77
202 93
202 94
202 98
202 110
202 113
202 115
202 117
202 118
202 119
202 121
202 129
202 130
202 146
202 147
202 148
202 149
202 150
202 170
202 172
202 173
202 174
202 175
202 177
202 186
202 190
202 193
202 199
202 206
202 207
202 208
202 209
202 210
202 211
202 216
202 222
202 226
202 235
202 236
202 238
202 289
202 439
203 50
203 82
203 133
203 179
203 181
203 183
203 186
203 187
203 188
203 191
203 199
203 200
203 298
204 178
204 180
204 182
204 183
204 184
204 188
204 191
204 199
204 200
204 224
205 74
205 76
205 88
205 119
205 133
205 134
205 135
205 176
205 190
205 210
205 211
205 230
205 246
205 261
205 269
206 58
206 70
206 72
206 73
206 76
206 77
206 82
206 83
206 84
206 88
206 92
206 93
206 94
206 118
206 120
206 138
206 153
206 154
206 155
206 156
206 159
206 160
206 161
206 162
206 163
206 164
206 165
206 170
206 173
206 177
206 178
206 185
206 186
206 188
206 189
206 190
206 193
206 199
206 200
206 207
206 208
206 209
206 210
206 211
206 442
207 59
207 71
207 73
207 77
207 82
207 83
207 84
207 88
207 92
207 93
207 94
207 107
207 119
207 139
207 152
207 153
207 154
207 155
207 156
207 158
207 159
207 160
207 161
207 162
207 163
207 164
207 165
207 168
207 169
207 170
207 172
207 176
207 177
207 179
207 189
207 190
207 199
207 200
207 206
207 209
207 210
207 211
207 213
207 241
207 443
208 66
208 70
208 72
208 75
208 76
208 79
208 82
208 83
208 84
208 85
208 90
208 91
208 92
208 93
208 94
208 95
208 96
208 97
208 98
208 103
208 104
208 105
208 112
208 120
208 125
208 145
208 153
208 158
208 161
208 163
208 164
208 165
208 166
208 167
208 168
208 169
208 170
208 172
208 176
208 177
208 178
208 180
208 181
208 182
208 183
208 184
208 188
208 190
208 192
208 193
208 197
208 199
208 200
208 201
208 202
208 206
208 207
208 209
208 210
208 211
208 240
208 248
208 287
208 297
208 314
209 70
209 71
209 72
209 73
209 74
209 77
209 82
209 84
209 85
209 90
209 91
209 92
209 93
209 94
209 95
209 96
209 97
209 98
209 103
209 104
209 136
209 146
209 153
209 154
209 162
209 164
209 165
209 166
209 167
209 170
209 173
209 179
209 180
209 181
209 183
209 185
209 188
209 189
209 190
209 192
209 193
209 196
209 198
209 199
209 201
209 202
209 206
209 207
209 208
209 210
209 211
209 227
209 230
209 238
209 289
209 291
209 313
209 319
209 321
210 71
210 73
210 82
210 84
210 85
210 86
210 88
210 89
210 93
210 94
210 95
210 96
210 100
210 103
210 104
210 105
210 156
210 158
210 159
210 164
210 165
210 168
210 170
210 189
210 190
210 192
210 195
210 201
210 208
210 209
210 210
210 211
210 297
210 441
211 84
211 85
211 86
211 87
211 88
211 89
211 92
211 94
211 95
211 96
211 100
211 104
211 106
211 156
211 161
211 164
211 165
211 167
211 169
211 170
211 189
211 190
211 193
211 195
211 196
211 201
211 206
211 208
211 209
211 210
211 297
211 308
211 321
212 8
212 70
212 72
212 107
212 108
212 111
212 113
212 115
212 127
212 131
212 137
212 153
212 159
212 185
212 212
212 214
212 216
213 73
213 74
213 77
213 82
213 108
213 112
213 116
213 126
213 128
213 132
213 137
213 154
213 156
213 159
213 215
213 217
213 218
214 107
214 113
214 127
214 157
214 159
215 108
215 110
215 114
215 128
215 158
216 109
216 111
216 115
216 129
216 131
216 153
216 188
216 227
217 74
217 110
217 112
217 116
217 132
217 137
217 213
218 107
218 108
218 110
218 111
218 112
218 121
218 123
218 127
218 130
218 214
218 216
218 217
219 97
219 107
219 108
219 109
219 111
219 112
219 122
219 124
219 126
219 129
219 137
219 215
219 216
219 217
219 219
219 231
220 107
220 108
220 112
220 118
220 122
220 123
220 173
220 205
220 220
220 221
220 238
220 239
220 240
221 107
221 108
221 109
221 110
221 111
221 112
221 137
221 149
221 185
221 191
221 216
221 217
221 218
221 222
221 241
221 242
222 77
222 87
222 113
222 115
222 118
222 119
222 121
222 123
222 124
222 128
222 129
222 130
222 131
222 149
222 161
222 177
222 197
222 198
222 216
222 221
222 223
222 225
222 227
222 229
222 230
222 238
223 78
223 86
223 116
223 117
223 120
223 122
223 123
223 127
223 130
223 132
223 138
223 149
223 176
223 197
223 198
223 217
223 221
223 224
223 226
223 237
223 439
224 97
224 98
224 110
224 120
224 121
224 122
224 130
224 139
224 149
224 176
224 177
224 186
224 187
224 197
224 198
224 199
224 200
224 204
224 225
224 228
224 231
224 235
224 242
224 247
224 250
225 77
225 98
225 109
225 114
225 122
225 129
225 130
225 136
225 139
225 149
225 150
225 172
225 176
225 177
225 187
225 197
225 198
225 199
225 200
225 203
225 204
225 224
225 226
225 229
225 230
225 231
225 235
225 236
225 242
226 81
226 113
226 117
226 120
226 121
226 126
226 127
226 129
226 130
226 132
226 133
226 176
226 197
226 198
226 217
226 222
226 223
226 224
226 225
226 228
227 114
227 115
227 118
227 119
227 122
227 125
227 128
227 129
227 130
227 131
227 173
227 177
227 182
227 197
227 198
227 216
227 222
227 223
227 224
227 226
227 227
227 229
227 241
228 62
228 67
228 97
228 116
228 181
228 186
228 197
228 198
228 224
228 229
228 236
228 237
228 240
229 74
229 97
229 142
229 154
229 180
229 182
229 188
229 197
229 198
229 228
229 235
229 238
230 78
230 83
230 97
230 107
230 113
230 114
230 115
230 123
230 125
230 130
230 131
230 175
230 176
230 203
230 222
230 224
230 231
231 83
231 97
231 113
231 114
231 115
231 116
231 124
231 126
231 138
231 174
231 176
231 187
231 219
231 229
232 94
232 159
232 162
232 182
232 183
232 184
232 189
232 192
232 193
232 194
232 201
232 202
232 298
232 439
233 190
233 192
233 193
233 194
233 201
233 202
233 208
233 442
234 192
234 193
234 194
234 201
234 202
234 209
234 439
235 87
235 117
235 118
235 121
235 122
235 149
235 173
235 176
235 179
235 180
235 181
235 185
235 197
235 198
235 199
235 200
235 220
235 229
235 231
235 236
235 238
235 239
235 247
236 79
236 116
236 117
236 121
236 122
236 148
236 149
236 176
236 178
236 180
236 181
236 184
236 187
236 197
236 198
236 199
236 200
236 220
236 221
236 224
236 225
236 228
236 235
236 237
236 240
236 244
236 248
237 62
237 66
237 75
237 78
237 79
237 81
237 94
237 120
237 122
237 147
237 149
237 154
237 173
237 179
237 181
237 183
237 184
237 197
237 198
237 199
237 200
237 203
237 221
237 228
237 235
237 236
237 238
238 98
238 115
238 118
238 119
238 121
238 122
238 149
238 153
238 172
238 173
238 178
238 180
238 181
238 187
238 197
238 198
238 200
238 209
238 229
238 235
238 237
238 249
239 58
239 62
239 79
239 94
239 114
239 139
239 147
239 163
239 180
239 185
239 187
239 235
239 240
239 241
239 247
240 63
240 78
240 82
240 86
240 94
240 97
240 113
240 120
240 138
240 148
240 162
240 180
240 181
240 183
240 184
240 197
240 198
240 227
240 236
240 242
240 245
240 248
241 58
241 62
241 72
241 80
241 94
241 97
241 115
241 135
241 147
241 160
241 163
241 176
241 229
241 239
241 249
241 298
242 63
242 71
242 73
242 77
242 81
242 94
242 116
242 139
242 148
242 162
242 177
242 183
242 198
242 210
242 224
243 125
243 177
243 179
243 210
243 235
243 247
244 97
244 113
244 120
244 126
244 139
244 176
244 179
244 186
244 226
244 236
244 248
245 73
245 82
245 88
245 119
245 120
245 123
245 176
245 210
245 237
245 250
246 114
246 119
246 124
246 139
246 176
246 178
246 182
246 211
246 224
246 227
246 238
246 249
247 77
247 83
247 87
247 139
247 176
247 177
247 179
247 187
247 197
247 235
247 239
247 243
248 78
248 82
248 97
248 112
248 113
248 138
248 148
248 176
248 178
248 198
248 236
248 237
248 240
248 244
249 80
249 115
249 125
249 138
249 176
249 198
249 225
249 227
249 229
249 238
249 239
249 241
249 246
250 77
250 81
250 116
250 139
250 177
250 178
250 186
250 197
250 226
250 228
250 237
250 240
250 242
250 245
251 88
251 192
251 193
251 201
251 202
251 208
251 209
251 261
251 268
252 94
252 192
252 193
252 201
252 202
252 205
252 208
252 209
252 211
252 261
252 262
252 280
252 286
253 192
253 193
253 201
253 202
253 207
253 208
253 209
253 252
253 262
253 270
253 271
253 281
254 192
254 193
254 201
254 208
254 209
254 211
254 253
254 255
254 262
254 263
254 272
255 159
255 192
255 193
255 206
255 208
255 209
255 210
255 211
255 256
255 263
255 264
255 273
255 282
255 439
256 193
256 205
256 208
256 209
256 257
256 265
256 439
257 206
257 207
257 208
257 209
257 211
257 258
257 265
258 85
258 101
258 102
258 103
258 151
258 170
258 171
258 192
258 193
258 208
258 209
258 210
258 259
258 265
258 266
258 297
259 105
259 106
259 159
259 193
259 208
259 209
259 260
259 266
259 267
259 297
260 171
261 193
261 205
261 251
261 252
261 268
261 269
262 94
262 159
262 209
262 210
262 211
262 254
262 271
263 94
263 159
263 169
263 201
263 202
263 209
263 210
263 211
263 253
264 94
264 159
264 193
264 201
264 210
264 211
264 255
264 273
264 441
265 208
265 209
265 210
265 211
265 256
265 439
266 257
267 85
267 94
267 159
267 208
267 210
267 211
267 258
267 259
267 278
267 285
267 297
268 201
268 202
268 207
268 209
268 210
268 251
268 261
268 268
268 291
268 292
268 310
269 202
269 208
269 209
269 210
269 252
269 261
269 291
269 292
269 293
270 201
270 202
270 207
270 262
270 292
270 293
271 192
271 206
271 207
271 208
271 209
271 253
271 262
271 263
271 293
272 206
272 207
272 208
272 209
272 263
272 272
272 293
272 439
273 209
273 264
273 294
273 295
274 208
274 209
274 265
274 294
274 295
274 296
275 208
275 209
275 265
275 266
275 296
275 297
276 209
276 266
276 296
276 297
277 160
277 192
277 193
277 206
277 207
277 208
277 267
277 295
277 297
278 85
278 103
278 192
278 193
278 205
278 208
278 209
278 259
278 267
278 297
279 167
280 92
280 152
280 162
280 168
280 194
280 205
280 251
280 252
280 261
280 262
280 268
280 269
280 270
280 271
280 286
280 287
280 288
280 298
280 299
280 309
280 310
280 311
280 440
280 441
280 442
281 165
281 169
281 205
281 253
281 254
281 262
281 263
281 271
281 288
281 289
281 290
281 299
281 300
281 301
281 440
281 441
281 442
282 205
282 255
282 256
282 263
282 264
282 272
282 273
282 290
282 291
282 292
282 301
282 302
282 313
282 314
282 440
282 441
282 442
283 257
283 258
283 264
283 292
283 293
283 294
283 303
283 304
283 315
283 316
283 442
284 95
284 258
284 263
284 264
284 293
284 294
284 295
284 304
284 305
284 306
285 151
285 152
285 171
285 194
285 259
285 260
285 264
285 267
285 278
285 279
285 294
285 295
285 296
285 297
285 305
285 306
285 307
285 308
285 319
285 320
285 321
285 445
286 92
286 192
286 201
286 202
286 208
286 287
286 298
286 309
287 88
287 94
287 161
287 193
287 202
287 206
287 208
287 209
287 298
287 299
287 310
288 192
288 193
288 201
288 202
288 208
288 209
288 287
288 298
288 299
288 311
289 201
289 202
289 207
289 208
289 209
289 288
289 298
289 300
289 301
289 312
290 169
290 192
290 193
290 208
290 209
290 291
290 300
290 301
290 313
291 94
291 170
291 208
291 209
291 290
291 302
291 313
291 314
291 439
292 207
292 208
292 209
292 303
292 315
293 94
293 208
293 209
293 303
293 316
294 90
294 96
294 208
294 209
294 304
294 316
294 317
295 192
295 206
295 208
295 209
295 304
295 318
296 169
296 193
296 206
296 208
296 209
296 259
296 297
296 305
296 306
296 307
296 319
296 320
297 94
297 96
297 103
297 104
297 105
297 106
297 168
297 192
297 196
297 208
297 259
297 308
297 320
297 321
298 93
298 94
298 97
298 160
298 179
298 181
298 186
298 199
298 200
298 238
298 287
298 309
298 313
299 100
299 147
299 160
299 206
299 287
299 288
299 298
299 310
299 311
299 442
300 88
300 159
300 211
300 288
300 289
300 311
300 312
301 210
301 211
301 289
301 290
301 291
301 313
301 442
302 96
302 291
302 301
302 314
303 96
303 210
303 211
303 292
303 293
303 315
304 94
304 159
304 210
304 211
304 294
304 303
304 315
304 316
305 210
305 211
305 294
305 295
305 317
306 295
306 318
307 296
307 319
308 94
308 210
308 211
308 297
308 320
309 152
309 162
309 251
309 261
309 268
309 286
309 287
309 298
309 440
309 441
309 442
310 201
310 251
310 252
310 261
310 269
310 280
310 287
310 288
310 298
310 299
310 440
310 441
310 442
311 169
311 201
311 207
311 252
311 253
311 261
311 262
311 270
311 281
311 288
311 299
311 300
311 440
311 442
312 169
312 253
312 254
312 256
312 262
312 263
312 265
312 271
312 281
312 289
312 300
312 301
312 440
312 441
312 442
313 205
313 254
313 255
313 256
313 263
313 265
313 272
313 290
313 291
313 301
313 440
313 441
313 442
314 169
314 255
314 256
314 263
314 264
314 265
314 273
314 291
314 292
314 302
314 303
314 440
314 441
314 442
315 169
315 256
315 257
315 265
315 266
315 274
315 292
315 293
315 303
315 442
316 257
316 258
316 266
316 267
316 275
316 293
316 304
317 188
317 257
317 258
317 259
317 266
317 267
317 276
317 293
317 294
317 304
317 305
318 95
318 258
318 259
318 267
318 277
318 294
318 295
318 305
318 306
319 161
319 258
319 259
319 260
319 267
319 277
319 294
319 295
319 296
319 306
319 307
319 445
320 168
320 169
320 194
320 195
320 258
320 259
320 260
320 267
320 278
320 279
320 295
320 296
320 297
320 307
320 308
320 321
320 445
321 169
321 171
321 205
321 258
321 259
321 260
321 267
321 278
321 279
321 285
321 297
321 308
321 321
322 127
322 214
322 221
322 223
322 232
322 235
322 237
322 240
323 127
323 214
323 221
323 223
323 235
323 236
323 237
323 240
324 97
324 127
324 129
324 183
324 219
324 223
324 224
324 227
324 231
324 232
325 129
325 176
325 183
325 219
325 223
325 231
325 232
325 240
326 97
326 113
326 129
326 155
326 157
326 176
326 200
326 224
326 225
326 231
326 236
326 240
326 244
326 248
327 123
327 127
327 183
327 214
327 223
327 232
327 235
327 236
327 240
327 244
327 248
327 251
327 261
327 268
327 280
328 235
328 236
328 240
328 244
328 248
328 251
328 252
328 268
328 269
328 280
329 128
329 215
329 221
329 222
329 223
329 232
329 235
329 239
329 240
330 118
330 128
330 215
330 221
330 222
330 223
330 239
330 240
331 114
331 128
331 130
331 182
331 215
331 218
331 222
331 224
331 230
331 232
331 239
332 98
332 130
332 182
332 215
332 222
332 224
332 230
332 232
332 235
332 239
332 242
332 244
332 246
333 114
333 130
333 177
333 199
333 215
333 218
333 222
333 230
333 235
333 239
333 243
333 247
334 158
334 182
334 221
334 222
334 223
334 232
334 235
334 239
334 243
334 247
334 251
334 268
334 280
335 127
335 221
335 223
335 229
335 235
335 239
335 240
335 243
335 247
335 251
335 252
335 268
335 269
335 280
336 97
336 129
336 131
336 216
336 219
336 222
336 223
336 224
336 227
336 231
336 233
336 241
337 129
337 131
337 216
337 220
337 227
337 235
337 236
337 238
337 241
337 245
338 185
338 216
338 220
338 227
338 229
338 233
338 235
338 238
338 241
339 129
339 185
339 200
339 219
339 225
339 227
339 229
339 233
339 238
339 241
340 115
340 176
340 225
340 227
340 238
340 241
340 246
340 249
341 185
341 198
341 227
341 233
341 238
341 241
341 246
341 249
342 115
342 147
342 227
342 229
342 238
342 241
342 246
342 249
342 286
342 287
342 298
342 309
342 310
342 440
343 234
343 242
344 132
344 217
344 220
344 226
344 236
344 237
344 242
345 116
345 184
345 217
345 220
345 226
345 227
345 234
345 237
345 242
346 130
346 132
346 184
346 199
346 217
346 218
346 224
346 226
346 234
346 242
347 116
347 228
347 237
347 242
347 245
347 250
348 184
348 186
348 217
348 220
348 226
348 227
348 228
348 229
348 234
348 236
348 237
348 242
348 245
348 250
349 83
349 226
349 227
349 228
349 229
349 237
349 242
349 245
349 250
349 286
349 287
349 298
349 310
350 236
350 240
350 244
350 248
350 251
350 252
350 261
350 269
350 280
351 236
351 240
351 244
351 248
351 252
351 253
351 261
351 262
351 269
351 270
351 280
352 236
352 240
352 244
352 248
352 252
352 253
352 262
352 270
352 271
352 281
353 236
353 240
353 244
353 248
353 253
353 254
353 256
353 262
353 263
353 271
353 272
353 281
354 236
354 240
354 244
354 248
354 254
354 255
354 256
354 262
354 263
354 271
354 272
354 281
354 282
355 205
355 236
355 240
355 244
355 248
355 254
355 255
355 256
355 263
355 264
355 273
355 282
356 205
356 236
356 240
356 244
356 248
356 255
356 256
356 257
356 263
356 264
356 265
356 273
356 282
357 236
357 240
357 244
357 248
357 256
357 257
357 264
357 265
357 274
357 282
358 236
358 240
358 244
358 248
358 256
358 257
358 258
358 264
358 265
358 266
358 274
358 283
359 257
359 258
359 265
359 266
359 275
359 283
360 257
360 258
360 265
360 266
360 275
360 283
361 257
361 258
361 259
361 265
361 266
361 267
361 276
361 284
362 258
362 259
362 266
362 267
362 276
362 277
362 284
363 258
363 259
363 260
363 266
363 267
363 277
363 278
363 284
364 259
364 260
364 267
364 278
364 279
364 285
365 259
365 260
365 267
365 279
365 285
366 259
366 260
366 267
366 279
366 285
367 235
367 239
367 243
367 247
367 252
367 261
367 269
367 280
368 235
368 239
368 243
368 247
368 252
368 253
368 261
368 262
368 269
368 270
368 280
369 205
369 235
369 239
369 243
369 247
369 253
369 256
369 262
369 270
369 280
369 281
370 235
370 239
370 243
370 247
370 253
370 254
370 256
370 262
370 263
370 271
370 281
370 282
371 235
371 239
371 243
371 247
371 253
371 254
371 255
371 256
371 263
371 271
371 272
371 281
371 282
372 235
372 239
372 243
372 247
372 254
372 255
372 256
372 263
372 264
372 273
372 282
372 283
373 235
373 239
373 243
373 247
373 255
373 256
373 257
373 264
373 265
373 273
373 282
373 283
374 235
374 239
374 243
374 247
374 256
374 257
374 264
374 265
374 274
374 282
374 283
375 235
375 239
375 243
375 247
375 256
375 257
375 258
375 264
375 265
375 266
375 274
375 283
376 257
376 258
376 265
376 266
376 275
376 283
377 257
377 258
377 265
377 266
377 275
377 283
378 257
378 258
378 259
378 265
378 266
378 267
378 276
378 284
379 258
379 259
379 266
379 267
379 276
379 284
380 258
380 259
380 260
380 266
380 267
380 277
380 284
381 259
381 260
381 267
381 277
381 278
381 285
381 321
382 259
382 260
382 267
382 278
382 279
382 285
383 259
383 260
383 267
383 279
383 285
384 238
384 241
384 246
384 249
384 286
384 287
384 288
384 299
384 309
384 310
384 441
385 184
385 187
385 238
385 241
385 246
385 249
385 287
385 288
385 299
385 310
385 440
385 441
386 160
386 164
386 170
386 194
386 238
386 241
386 246
386 249
386 288
386 299
386 300
386 311
387 160
387 161
387 168
387 170
387 186
387 187
387 194
387 238
387 241
387 246
387 249
387 288
387 299
387 300
387 311
387 438
387 440
387 441
387 442
388 161
388 194
388 238
388 241
388 246
388 249
388 289
388 290
388 300
388 301
388 302
388 312
388 313
388 442
389 160
389 238
389 241
389 246
389 249
389 282
389 289
389 290
389 291
389 300
389 301
389 302
389 312
389 313
389 314
389 441
389 442
390 238
390 241
390 246
390 249
390 291
390 292
390 302
390 313
390 314
390 315
390 441
390 442
391 194
391 238
391 241
391 246
391 249
391 291
391 292
391 302
391 303
391 314
391 315
391 316
391 438
391 442
391 444
392 170
392 207
392 238
392 241
392 246
392 249
392 292
392 293
392 303
392 304
392 314
392 315
392 316
392 438
392 442
392 443
392 444
393 293
393 294
393 303
393 304
393 316
393 317
393 445
394 293
394 294
394 295
394 304
394 305
394 317
394 318
395 294
395 295
395 296
395 305
395 306
395 307
395 317
395 318
395 319
395 321
396 168
396 295
396 296
396 305
396 306
396 307
396 318
396 319
396 320
397 169
397 296
397 297
397 306
397 307
397 308
397 319
397 320
397 321
398 94
398 297
398 307
398 308
398 320
398 321
399 297
399 308
399 321
400 116
400 177
400 194
400 224
400 237
400 242
400 245
400 250
400 286
400 287
400 299
400 310
400 441
401 163
401 187
401 237
401 242
401 245
401 250
401 287
401 288
401 298
401 310
401 439
401 441
402 89
402 151
402 161
402 165
402 237
402 242
402 245
402 250
402 288
402 299
402 300
402 311
402 439
403 159
403 165
403 168
403 186
403 194
403 237
403 242
403 245
403 250
403 288
403 289
403 299
403 300
403 311
403 312
403 438
403 441
403 442
404 237
404 242
404 245
404 250
404 289
404 290
404 291
404 300
404 301
404 312
404 313
404 440
404 441
405 160
405 237
405 242
405 245
405 250
405 289
405 290
405 291
405 300
405 301
405 302
405 312
405 313
405 314
405 441
405 442
406 161
406 237
406 242
406 245
406 250
406 290
406 291
406 292
406 293
406 301
406 302
406 303
406 314
406 315
407 237
407 242
407 245
407 250
407 291
407 292
407 293
407 302
407 303
407 314
407 315
407 439
407 442
408 170
408 207
408 237
408 242
408 245
408 250
408 292
408 293
408 302
408 303
408 304
408 315
408 316
408 439
408 443
409 293
409 294
409 303
409 304
409 316
409 445
410 293
410 294
410 295
410 304
410 305
410 316
410 317
411 294
411 295
411 305
411 306
411 317
411 318
412 168
412 169
412 188
412 295
412 296
412 305
412 306
412 307
412 317
412 318
412 319
412 320
412 445
413 169
413 295
413 296
413 297
413 306
413 307
413 308
413 318
413 319
413 320
413 321
414 187
414 296
414 297
414 307
414 308
414 319
414 320
414 321
415 296
415 297
415 308
415 320
415 321
416 297
416 321
417 134
417 135
417 150
418 98
418 215
419 115
419 119
419 135
419 157
420 51
420 74
420 112
420 116
420 133
420 137
420 152
420 188
422 118
424 218
425 227
425 229
426 229
427 150
428 150
429 150
430 115
430 158
430 241
432 51
432 53
432 61
432 86
432 88
432 89
432 90
432 92
432 93
432 94
432 95
432 96
432 97
432 99
432 100
432 103
432 133
432 150
432 151
432 152
432 157
432 159
432 160
432 161
432 162
432 164
432 167
432 168
432 169
432 170
432 171
432 182
432 183
432 184
432 185
432 186
432 187
432 193
432 194
432 205
432 206
432 207
432 208
432 209
432 212
432 213
432 232
432 233
432 234
432 236
432 241
432 259
432 260
432 261
432 295
432 297
432 298
432 438
432 440
433 160
433 171
433 194
434 171
435 171
438 52
438 58
438 59
438 69
438 70
438 71
438 136
438 140
438 151
438 156
438 157
438 160
438 161
438 438
438 439
438 444
439 52
439 53
439 59
439 71
439 76
439 136
439 141
439 151
439 156
439 158
439 160
439 161
439 165
439 169
439 194
439 207
439 438
439 442
439 444
440 160
440 170
440 194
440 441
440 442
441 152
441 169
441 194
441 299
441 439
441 440
441 442
442 206
442 439
442 440
442 441
442 443
443 439
443 444
444 438
444 439
444 443
444 444
445 194
445 320
446 438
446 439
446 443
446 444
447 438
447 439
447 443
447 444
449 292
449 303
449 315
452 438
452 439
452 443
452 444
453 438
453 439
453 443
453 444
