1 55
1 106
1 117
1 170
1 196
1 205
1 252
1 494
1 778
1 939
3 28
3 46
3 61
3 106
3 147
3 160
3 184
3 226
3 268
3 272
3 295
3 327
3 339
3 353
3 372
3 407
3 429
3 464
3 477
3 504
3 545
3 653
3 720
3 763
3 884
3 991
4 47
4 90
4 125
4 241
4 246
4 325
4 333
4 424
4 440
4 452
4 491
4 615
4 622
4 624
4 647
4 769
4 790
4 797
4 959
9 15
9 21
9 45
9 48
9 71
9 79
9 80
9 89
9 92
9 134
9 172
9 194
9 200
9 232
9 242
9 253
9 254
9 285
9 311
9 322
9 372
9 382
9 413
9 448
9 453
9 488
9 492
9 496
9 601
9 751
9 826
9 941
9 998
14 58
14 116
14 176
14 185
14 190
14 214
14 254
14 256
14 267
14 276
14 306
14 335
14 356
14 382
14 390
14 520
14 548
14 621
14 744
14 786
14 923
14 938
15 21
15 45
15 48
15 71
15 80
15 89
15 120
15 172
15 194
15 200
15 210
15 211
15 232
15 242
15 285
15 311
15 322
15 413
15 448
15 480
15 488
15 492
15 496
15 826
15 845
15 998
20 41
20 274
20 277
20 279
20 290
20 376
20 387
20 438
20 445
20 510
20 513
20 638
20 655
20 841
20 866
20 958
20 1320
20 1359
21 71
21 89
21 92
21 194
21 200
21 211
21 232
21 242
21 322
21 413
21 480
21 706
21 771
21 791
21 826
21 845
27 28
27 63
27 147
27 171
27 173
27 179
27 257
27 327
27 372
27 407
27 477
27 720
27 884
27 979
28 147
28 160
28 171
28 177
28 184
28 226
28 295
28 327
28 353
28 372
28 400
28 407
28 429
28 441
28 477
28 545
28 653
28 720
28 763
28 884
28 945
28 954
32 58
32 131
32 194
32 227
32 241
32 333
32 440
32 797
32 920
32 977
32 1423
34 38
34 41
34 54
34 151
34 156
34 201
34 220
34 243
34 245
34 502
34 634
34 658
34 687
34 866
34 869
34 874
34 1870
34 1894
38 41
38 54
38 151
38 156
38 201
38 220
38 243
38 245
38 269
38 387
38 420
38 502
38 577
38 605
38 634
38 642
38 658
38 687
38 691
38 694
38 753
38 866
38 869
38 874
38 1332
39 101
39 106
39 117
39 196
39 205
39 240
39 252
39 265
39 346
39 364
39 626
39 720
39 871
41 54
41 219
41 220
41 387
41 390
41 513
41 582
41 605
41 624
41 634
41 642
41 655
41 658
41 687
41 694
41 866
41 869
41 1237
41 1332
45 48
45 79
45 89
45 92
45 120
45 134
45 202
45 210
45 211
45 232
45 254
45 285
45 311
45 322
45 335
45 388
45 413
45 448
45 453
45 480
45 488
45 492
45 496
45 545
45 601
45 674
45 706
45 743
45 765
45 998
46 61
46 117
46 196
46 257
46 268
46 339
46 353
46 364
46 441
46 504
46 884
47 241
47 325
47 424
47 769
47 960
48 79
48 89
48 232
48 254
48 285
48 311
48 453
48 492
48 496
48 601
48 779
48 845
48 998
54 151
54 159
54 201
54 279
54 290
54 525
54 605
54 640
54 642
54 691
54 753
54 866
54 869
54 908
54 1260
54 1543
54 1784
55 101
55 106
55 117
55 170
55 202
55 205
55 252
55 265
55 272
55 364
55 494
55 545
55 653
55 674
55 778
55 779
55 871
55 883
55 894
55 939
58 85
58 115
58 116
58 131
58 134
58 176
58 181
58 185
58 209
58 254
58 256
58 267
58 269
58 276
58 335
58 356
58 382
58 390
58 450
58 533
58 548
58 744
58 765
58 836
58 867
58 923
58 938
61 147
61 160
61 177
61 179
61 184
61 196
61 226
61 239
61 257
61 268
61 312
61 327
61 353
61 372
61 429
61 441
61 464
61 504
61 544
61 612
61 720
61 884
61 886
61 979
62 145
63 101
63 117
63 125
63 173
63 179
63 196
63 199
63 232
63 240
63 653
63 674
63 778
65 72
65 124
65 147
65 177
65 353
65 374
65 400
65 407
65 443
65 471
65 487
65 527
65 531
65 637
65 674
65 677
65 809
65 854
65 859
65 945
65 954
65 970
65 984
65 991
70 101
70 119
70 122
70 132
70 179
70 184
70 199
70 202
70 240
70 255
70 327
70 346
70 374
70 425
70 447
70 626
70 649
70 778
71 80
71 92
71 194
71 200
71 210
71 211
71 242
71 285
71 448
71 480
71 492
71 496
71 601
71 791
71 826
71 845
72 147
72 177
72 184
72 295
72 353
72 407
72 428
72 443
72 471
72 627
72 650
72 653
72 674
72 809
72 857
72 954
72 984
72 991
79 89
79 120
79 200
79 210
79 232
79 254
79 285
79 311
79 388
79 448
79 453
79 496
79 601
79 674
79 706
80 87
80 89
80 92
80 120
80 172
80 194
80 200
80 210
80 211
80 242
80 285
80 311
80 322
80 413
80 448
80 468
80 480
80 488
80 492
80 496
80 601
80 706
80 743
80 751
80 826
80 845
80 941
80 998
85 87
85 115
85 116
85 131
85 181
85 185
85 190
85 213
85 214
85 254
85 258
85 276
85 335
85 343
85 356
85 390
85 603
85 605
85 765
85 938
87 92
87 134
87 211
87 242
87 285
87 356
87 388
87 448
87 450
87 496
87 601
87 603
89 120
89 200
89 210
89 211
89 232
89 276
89 285
89 322
89 413
89 453
89 480
89 488
89 492
89 496
89 601
89 706
89 751
89 791
89 826
89 998
90 125
90 241
90 248
90 325
90 333
90 376
90 424
90 440
90 452
90 491
90 615
90 622
90 769
90 797
90 798
90 893
90 909
90 917
90 959
90 960
90 977
90 1324
92 120
92 134
92 172
92 194
92 200
92 210
92 211
92 242
92 276
92 285
92 322
92 390
92 413
92 448
92 480
92 488
92 492
92 496
92 706
92 743
92 845
101 106
101 117
101 119
101 122
101 132
101 179
101 196
101 199
101 240
101 255
101 272
101 346
101 364
101 374
101 425
101 447
101 626
101 778
103 438
103 605
103 1295
103 1401
103 1518
106 117
106 119
106 147
106 170
106 179
106 190
106 196
106 199
106 205
106 240
106 252
106 265
106 272
106 327
106 364
106 372
106 441
106 487
106 494
106 653
106 720
106 725
106 778
106 779
106 871
106 883
106 884
106 939
106 1212
106 1214
106 1216
106 1295
106 1339
106 1512
106 1805
111 124
111 176
111 177
111 428
111 465
111 487
111 498
111 650
111 725
111 854
111 859
111 927
111 991
111 1332
115 116
115 176
115 181
115 185
115 190
115 213
115 214
115 258
115 267
115 269
115 335
115 356
115 382
115 390
115 533
115 621
115 765
115 784
115 836
115 843
116 176
116 181
116 185
116 213
116 256
116 333
116 335
116 388
116 390
116 533
116 621
116 744
116 765
116 836
116 923
116 938
117 122
117 170
117 179
117 196
117 202
117 205
117 240
117 252
117 265
117 268
117 272
117 346
117 364
117 374
117 425
117 494
117 587
117 626
117 778
117 779
117 871
117 894
117 939
119 122
119 132
119 179
119 199
119 202
119 240
119 255
119 272
119 275
119 346
119 374
119 425
119 447
119 545
119 626
119 649
119 653
119 778
120 172
120 194
120 200
120 210
120 211
120 232
120 242
120 245
120 253
120 285
120 311
120 413
120 448
120 488
120 492
120 496
120 601
120 706
120 743
120 845
120 1228
122 132
122 145
122 170
122 179
122 199
122 240
122 255
122 272
122 275
122 346
122 364
122 374
122 425
122 447
122 545
122 626
122 649
122 653
122 778
122 871
122 883
122 894
124 145
124 272
124 327
124 372
124 471
124 475
124 486
124 487
124 531
124 650
124 674
124 681
124 725
124 809
124 859
124 927
124 970
124 984
124 991
125 179
125 248
125 325
125 333
125 468
125 491
125 615
125 622
125 624
125 797
125 845
125 893
125 909
125 960
125 1332
131 194
131 227
131 241
131 356
131 440
131 450
131 548
131 920
132 145
132 171
132 179
132 196
132 199
132 240
132 255
132 265
132 272
132 275
132 374
132 425
132 428
132 447
132 545
132 626
132 649
132 653
132 694
132 778
132 939
132 1238
134 176
134 181
134 200
134 210
134 211
134 322
134 356
134 388
134 390
134 448
134 453
134 492
134 496
134 601
134 836
134 893
134 938
145 400
145 428
145 443
145 465
145 489
145 650
145 674
145 854
145 859
145 945
145 970
147 160
147 184
147 196
147 226
147 239
147 268
147 295
147 327
147 339
147 353
147 407
147 429
147 477
147 504
147 544
147 653
147 674
147 720
147 763
147 884
147 954
147 984
147 991
149 274
151 156
151 159
151 201
151 220
151 243
151 387
151 502
151 513
151 634
151 640
151 642
151 691
151 694
151 753
151 866
151 1332
151 1383
156 159
156 201
156 243
156 245
156 454
156 502
156 525
156 582
156 638
156 640
156 642
156 658
156 687
156 694
156 866
156 869
156 874
156 1359
156 1383
159 201
159 220
159 243
159 245
159 420
159 454
159 502
159 582
159 640
159 642
159 694
159 753
159 866
159 869
159 874
160 184
160 226
160 257
160 312
160 327
160 339
160 353
160 372
160 407
160 464
160 504
160 544
160 612
160 763
160 884
160 886
165 268
165 498
170 179
170 196
170 202
170 205
170 240
170 252
170 265
170 272
170 494
170 545
170 653
170 778
170 779
170 871
170 883
170 894
170 939
171 327
171 372
171 407
171 429
171 441
171 498
172 210
172 285
172 311
172 413
172 448
172 468
172 480
172 488
172 601
172 845
173 179
173 295
173 327
173 407
173 720
173 958
176 181
176 185
176 190
176 209
176 213
176 214
176 227
176 254
176 256
176 258
176 267
176 269
176 275
176 276
176 335
176 356
176 382
176 388
176 390
176 487
176 533
176 548
176 603
176 621
176 744
176 765
176 836
176 843
176 923
176 938
177 202
177 400
177 407
177 428
177 443
177 471
177 486
177 487
177 489
177 498
177 527
177 531
177 545
177 627
177 637
177 650
177 653
177 674
177 725
177 809
177 854
177 857
177 859
177 927
177 945
177 954
177 984
177 991
179 196
179 199
179 202
179 252
179 272
179 275
179 374
179 447
179 626
179 653
179 778
181 256
181 335
181 343
181 390
181 496
181 603
181 765
181 938
181 941
184 226
184 240
184 272
184 327
184 353
184 372
184 407
184 429
184 441
184 447
184 471
184 504
184 544
184 626
184 653
184 884
184 954
185 190
185 213
185 214
185 254
185 256
185 258
185 267
185 269
185 276
185 382
185 390
185 603
185 621
185 744
185 786
185 836
185 923
185 938
185 998
190 205
190 213
190 214
190 254
190 256
190 267
190 272
190 276
190 356
190 382
190 390
190 603
190 784
190 843
190 871
190 923
190 938
194 210
194 211
194 227
194 241
194 242
194 253
194 285
194 413
194 440
194 448
194 480
194 488
194 496
194 743
194 791
194 826
194 836
194 920
194 998
194 1423
196 240
196 252
196 257
196 265
196 268
196 272
196 275
196 346
196 364
196 374
196 494
196 626
196 871
196 884
196 939
199 202
199 240
199 252
199 255
199 275
199 346
199 374
199 494
199 626
199 649
199 650
199 653
199 778
199 939
200 210
200 211
200 232
200 242
200 253
200 285
200 322
200 413
200 448
200 480
200 488
200 492
200 496
200 513
200 601
200 603
200 706
200 743
200 826
200 845
200 882
200 998
201 220
201 243
201 245
201 420
201 502
201 582
201 605
201 634
201 640
201 642
201 658
201 687
201 691
201 753
201 866
201 869
202 265
202 272
202 311
202 374
202 440
202 453
202 545
202 653
202 674
202 778
202 779
202 939
202 984
205 240
205 252
205 265
205 272
205 364
205 475
205 494
205 527
205 531
205 649
205 691
205 778
205 871
205 883
205 894
205 939
209 222
209 267
209 356
209 390
209 548
209 843
209 867
209 941
210 211
210 232
210 242
210 253
210 285
210 413
210 450
210 480
210 488
210 492
210 706
210 743
210 826
210 845
211 232
211 242
211 285
211 322
211 388
211 413
211 448
211 450
211 480
211 492
211 496
211 601
211 706
211 791
211 826
211 845
213 214
213 254
213 258
213 269
213 275
213 335
213 382
213 621
213 765
213 843
214 256
214 258
214 267
214 276
214 343
214 382
214 603
214 784
214 843
219 387
219 491
219 605
219 658
219 687
219 866
219 874
219 1324
220 243
220 245
220 420
220 605
220 634
220 640
220 642
220 658
220 687
220 753
220 866
220 869
220 1332
222 267
222 276
222 335
222 843
222 867
226 257
226 339
226 353
226 407
226 464
226 504
226 544
226 612
226 653
226 884
227 232
227 241
227 424
227 440
227 446
227 452
227 797
227 920
227 958
227 1423
232 253
232 285
232 322
232 388
232 413
232 448
232 480
232 488
232 492
232 496
232 601
232 621
232 706
232 751
232 784
232 786
232 826
232 845
232 998
236 279
236 290
236 376
236 391
236 497
236 702
236 908
239 327
239 464
239 544
240 255
240 272
240 275
240 327
240 346
240 364
240 374
240 425
240 447
240 626
240 649
240 778
240 894
240 939
241 306
241 325
241 424
241 440
241 647
241 893
241 920
241 960
242 285
242 388
242 413
242 450
242 492
242 706
242 791
242 826
242 845
243 245
243 454
243 520
243 634
243 642
243 658
243 687
243 694
243 866
243 869
245 372
245 420
245 429
245 502
245 582
245 634
245 638
245 640
245 642
245 691
245 753
245 866
245 869
245 958
245 1237
245 1336
245 1518
246 452
246 601
246 647
246 790
246 921
246 977
248 306
248 325
248 333
248 440
248 769
248 917
248 960
248 977
252 255
252 265
252 272
252 275
252 346
252 364
252 374
252 425
252 494
252 587
252 778
252 779
252 790
252 871
252 883
252 894
252 939
253 285
253 488
253 706
253 743
253 826
254 256
254 258
254 267
254 269
254 276
254 335
254 382
254 390
254 533
254 603
254 765
254 779
254 784
254 786
254 836
254 941
255 257
255 275
255 346
255 425
255 447
255 545
255 649
255 653
256 258
256 267
256 269
256 276
256 333
256 335
256 356
256 382
256 390
256 533
256 603
256 765
256 786
256 836
256 893
256 938
257 268
257 275
257 339
257 353
257 504
257 650
257 884
258 267
258 269
258 276
258 335
258 356
258 382
258 390
258 603
258 612
258 621
258 744
258 765
258 784
258 836
258 938
265 272
265 364
265 374
265 494
265 545
265 720
265 778
265 779
265 871
265 883
265 894
267 269
267 276
267 335
267 343
267 356
267 382
267 390
267 480
267 533
267 621
267 744
267 765
267 784
267 786
267 836
267 843
267 867
267 923
267 938
267 941
267 998
268 295
268 312
268 339
268 353
268 407
268 464
268 504
268 544
268 612
268 884
268 979
269 276
269 382
269 603
269 621
269 784
269 836
269 938
269 941
272 275
272 327
272 364
272 372
272 425
272 441
272 447
272 487
272 494
272 544
272 545
272 587
272 626
272 653
272 691
272 778
272 779
272 871
272 883
272 884
272 894
272 927
272 939
272 1805
274 280
274 366
274 376
274 387
274 435
274 484
274 497
274 1216
274 1805
275 312
275 346
275 374
275 425
275 447
275 612
275 626
275 649
275 650
275 653
275 871
275 886
275 939
275 1423
276 322
276 382
276 390
276 492
276 496
276 533
276 603
276 621
276 744
276 784
276 786
276 836
276 867
276 923
276 941
277 290
277 387
277 438
277 445
277 502
277 510
277 513
277 655
277 908
277 1870
277 1894
279 290
279 366
279 376
279 435
279 446
279 497
279 510
279 638
279 753
279 777
279 908
279 974
279 1067
279 1260
279 1518
279 1543
279 1819
280 290
280 366
280 391
280 484
280 497
280 605
280 777
280 908
285 311
285 322
285 448
285 488
285 492
285 496
285 601
285 706
285 826
285 845
285 1228
285 1423
290 366
290 376
290 466
290 484
290 497
290 513
290 605
290 655
290 777
290 841
290 1238
290 1260
290 1324
290 1543
290 1784
295 327
295 353
295 407
295 441
295 674
295 720
295 763
295 954
295 979
306 647
306 798
306 893
306 917
306 921
306 977
311 322
311 453
311 488
311 492
311 496
311 545
311 601
311 603
311 674
311 998
312 353
312 525
312 544
312 612
312 886
312 979
312 1423
322 413
322 480
322 488
322 492
322 496
322 601
322 706
322 743
322 751
322 826
322 845
322 917
322 998
325 333
325 420
325 424
325 622
325 624
325 797
325 921
325 959
325 1423
327 353
327 372
327 407
327 429
327 441
327 447
327 471
327 477
327 544
327 720
327 763
333 424
333 440
333 452
333 491
333 615
333 622
333 624
333 769
333 797
333 893
333 909
333 917
333 920
333 960
333 977
333 1332
335 343
335 356
335 388
335 603
335 674
335 765
335 836
335 867
339 353
339 504
339 884
343 765
343 836
343 867
343 923
343 941
346 364
346 374
346 425
346 489
346 778
346 871
346 939
353 372
353 407
353 429
353 504
353 544
353 653
353 763
353 884
353 886
353 954
353 979
353 984
353 991
356 548
356 744
356 765
356 836
356 867
356 938
364 374
364 447
364 494
364 626
364 650
364 778
364 871
364 894
364 939
366 387
366 438
366 974
366 1485
372 407
372 429
372 441
372 447
372 471
372 477
372 544
372 626
372 720
374 425
374 527
374 531
374 677
374 939
376 387
376 391
376 420
376 424
376 435
376 445
376 466
376 484
376 513
376 638
376 655
376 702
376 841
376 958
376 1218
376 1228
376 1238
376 1324
376 1342
376 1345
376 1401
376 1423
376 1485
376 1512
376 1519
382 603
382 784
382 786
382 836
382 941
387 438
387 513
387 615
387 638
387 655
387 658
387 702
387 777
387 841
387 866
387 869
387 908
387 974
387 1332
388 413
388 448
388 450
388 453
388 488
388 492
388 496
388 603
388 845
388 938
390 603
390 621
390 744
390 893
390 938
391 466
391 484
391 497
391 520
391 576
391 777
391 908
400 407
400 443
400 489
400 637
400 653
400 809
400 945
400 954
400 984
407 429
407 441
407 464
407 504
407 531
407 653
407 720
407 763
407 778
407 809
407 884
407 945
407 954
407 984
407 991
413 448
413 480
413 488
413 492
413 496
413 706
413 791
413 826
413 845
420 454
420 605
420 634
420 640
420 642
420 691
420 866
420 869
420 874
420 958
420 1518
424 440
424 446
424 452
424 605
424 622
424 624
424 893
424 917
424 920
424 977
425 447
425 649
425 778
428 465
428 475
428 486
428 489
428 498
428 527
428 627
428 637
428 677
428 725
428 809
428 854
428 857
428 859
428 927
428 991
429 441
429 504
429 544
429 720
435 466
435 513
435 638
435 841
435 958
435 1228
435 1345
435 1519
438 513
438 1320
438 1359
440 452
440 605
440 790
440 797
440 920
440 1423
441 447
441 471
441 504
441 544
441 720
441 763
443 489
443 498
443 615
443 637
443 778
443 809
443 857
443 945
443 954
443 984
445 777
446 605
446 615
446 753
446 1238
447 649
447 653
447 778
447 871
447 939
447 954
447 991
448 450
448 480
448 492
448 496
448 601
448 826
448 998
452 491
452 615
452 624
452 634
452 691
452 769
452 797
452 798
452 869
452 893
452 909
452 920
452 977
452 1332
453 492
453 496
453 545
454 502
454 605
454 640
454 642
454 866
454 869
454 874
454 1212
454 1412
464 504
464 612
464 720
464 886
465 486
465 489
465 531
465 677
465 854
465 927
466 484
466 638
466 702
466 841
466 958
466 1518
468 845
471 475
471 486
471 487
471 650
471 674
471 681
471 809
471 859
471 970
475 477
475 527
475 627
475 677
475 725
475 857
475 859
475 970
477 627
477 674
477 720
477 884
480 492
480 496
480 601
480 706
480 771
480 791
480 826
484 497
484 642
486 531
486 650
486 854
486 970
487 531
487 587
487 650
487 677
487 725
487 854
487 859
487 871
487 927
487 970
487 984
487 991
488 492
488 496
488 601
488 706
488 743
488 826
489 637
489 809
489 854
489 859
489 945
489 954
491 605
491 615
491 687
491 769
491 777
491 797
491 798
491 908
491 909
491 921
492 496
492 601
492 706
492 826
492 998
494 587
494 720
494 871
494 883
494 894
494 939
496 601
496 603
496 706
496 791
496 826
496 836
496 882
496 998
497 642
498 627
498 637
498 674
498 809
498 857
498 859
498 945
498 954
502 576
502 582
502 605
502 634
502 640
502 642
502 687
502 691
502 866
502 869
502 1332
504 720
504 884
504 979
510 513
510 908
513 638
513 655
513 694
513 702
513 866
513 958
513 1320
513 1332
520 564
520 576
520 577
525 564
525 577
525 605
525 640
525 694
525 866
525 869
525 958
525 1412
527 531
527 677
527 984
527 991
531 677
531 691
531 854
531 984
531 991
533 621
533 836
533 867
533 923
544 653
544 763
545 653
545 778
545 894
548 621
548 836
564 576
564 577
564 694
564 866
564 977
576 605
576 869
577 634
577 694
577 866
582 605
582 642
582 658
582 687
582 694
582 866
582 1412
587 778
601 603
601 647
601 706
601 826
601 941
603 765
603 836
603 938
605 634
605 640
605 642
605 658
605 687
605 691
605 694
605 753
605 798
605 866
605 869
605 874
605 974
605 1067
605 1218
605 1238
605 1324
605 1518
612 886
615 624
615 634
615 658
615 797
615 798
615 893
615 909
615 977
615 1332
621 786
621 843
621 923
622 624
622 769
622 893
622 959
624 769
624 797
624 893
624 959
624 960
626 649
626 653
626 778
626 871
626 894
626 939
627 674
627 857
627 954
627 984
634 640
634 642
634 658
634 687
634 691
634 753
634 866
634 869
634 1332
634 1894
637 859
637 927
637 945
637 954
637 984
638 655
638 694
638 958
638 1067
638 1543
640 642
640 866
640 874
642 658
642 687
642 691
642 753
642 866
642 869
642 874
642 1332
647 921
647 977
649 653
649 778
649 883
649 939
650 859
650 927
650 984
653 674
653 778
653 779
653 871
653 939
653 945
653 954
653 984
655 694
655 958
658 687
658 691
658 866
658 869
658 977
674 677
674 763
674 765
674 778
674 954
674 984
674 991
677 809
681 970
687 753
687 866
687 869
687 1332
691 869
691 874
691 1332
694 797
694 866
694 958
702 841
702 1518
706 743
706 771
706 826
706 1216
720 871
725 859
725 927
725 991
743 826
744 786
744 836
751 826
753 866
753 1238
763 884
763 979
765 836
765 938
769 893
769 959
771 791
777 908
777 958
778 779
778 871
778 883
778 894
778 939
779 871
779 883
779 894
779 939
784 843
784 941
786 923
797 886
797 893
797 958
797 977
797 1218
797 1412
797 1423
798 893
798 909
798 917
798 920
798 941
798 960
809 970
809 984
809 991
826 882
826 998
836 938
836 941
841 958
841 1228
841 1518
843 867
854 886
854 927
857 945
857 954
859 927
859 970
859 984
859 991
859 1412
866 869
866 874
866 1232
866 1320
866 1332
866 1345
866 1359
866 1401
866 1412
869 1332
869 1894
871 883
871 894
871 939
883 894
883 939
884 979
886 927
893 909
893 920
893 977
894 939
908 1332
917 960
920 958
920 1423
921 977
923 938
923 998
927 970
927 984
927 991
945 954
945 984
945 991
954 984
954 991
958 1423
960 1332
970 991
979 984
1067 1201
1067 1212
1067 1214
1067 1218
1067 1237
1067 1260
1067 1324
1067 1336
1067 1359
1067 1512
1067 1518
1067 1543
1067 1594
1201 1204
1201 1212
1201 1214
1201 1237
1201 1295
1201 1324
1201 1332
1201 1342
1201 1359
1201 1512
1201 1518
1201 1594
1201 1828
1204 1212
1204 1214
1204 1216
1204 1228
1204 1295
1204 1336
1204 1342
1204 1359
1204 1366
1204 1383
1204 1401
1204 1412
1204 1423
1204 1512
1204 1518
1204 1519
1204 1894
1212 1214
1212 1216
1212 1218
1212 1228
1212 1232
1212 1237
1212 1295
1212 1320
1212 1324
1212 1332
1212 1336
1212 1339
1212 1342
1212 1345
1212 1359
1212 1401
1212 1412
1212 1423
1212 1512
1212 1518
1212 1594
1212 1784
1212 1805
1212 1819
1212 1828
1214 1216
1214 1232
1214 1237
1214 1295
1214 1320
1214 1324
1214 1332
1214 1336
1214 1339
1214 1345
1214 1359
1214 1401
1214 1423
1214 1512
1214 1518
1214 1594
1214 1805
1214 1819
1216 1228
1216 1295
1216 1320
1216 1332
1216 1339
1216 1342
1216 1345
1216 1359
1216 1401
1216 1412
1216 1512
1216 1518
1216 1594
1216 1784
1216 1805
1216 1819
1218 1238
1218 1324
1218 1339
1218 1342
1218 1359
1218 1512
1218 1518
1218 1594
1218 1805
1228 1232
1228 1237
1228 1295
1228 1320
1228 1332
1228 1336
1228 1345
1228 1359
1228 1401
1228 1412
1228 1423
1228 1512
1228 1518
1228 1519
1228 1805
1228 1894
1232 1295
1232 1336
1232 1518
1232 1805
1232 1819
1232 1894
1237 1295
1237 1320
1237 1324
1237 1336
1237 1359
1237 1423
1237 1512
1237 1594
1237 1805
1237 1828
1238 1260
1238 1295
1238 1324
1238 1336
1238 1342
1238 1485
1238 1518
1238 1543
1238 1894
1260 1320
1260 1359
1260 1518
1260 1543
1260 1784
1295 1320
1295 1336
1295 1339
1295 1342
1295 1345
1295 1359
1295 1366
1295 1401
1295 1412
1295 1512
1295 1518
1295 1594
1295 1805
1295 1894
1320 1336
1320 1359
1320 1383
1320 1401
1320 1423
1320 1518
1320 1543
1320 1594
1320 1784
1324 1332
1324 1342
1324 1345
1324 1359
1324 1423
1324 1485
1324 1518
1324 1594
1324 1828
1332 1342
1332 1345
1332 1359
1332 1401
1332 1412
1332 1423
1332 1485
1332 1512
1332 1518
1332 1594
1332 1805
1332 1819
1332 1828
1332 1870
1332 1894
1336 1359
1336 1366
1336 1401
1336 1412
1336 1423
1336 1512
1336 1518
1339 1342
1339 1345
1339 1359
1339 1512
1339 1518
1339 1594
1339 1805
1339 1819
1342 1345
1342 1359
1342 1383
1342 1412
1342 1423
1342 1512
1342 1518
1342 1519
1342 1594
1342 1805
1345 1359
1345 1401
1345 1412
1345 1423
1345 1512
1345 1519
1345 1594
1345 1805
1359 1366
1359 1383
1359 1401
1359 1412
1359 1423
1359 1485
1359 1512
1359 1518
1359 1519
1359 1543
1359 1784
1359 1805
1359 1894
1366 1518
1366 1543
1383 1401
1401 1412
1401 1423
1401 1512
1401 1518
1401 1805
1401 1819
1401 1828
1401 1894
1412 1423
1412 1518
1412 1784
1412 1805
1412 1894
1423 1485
1423 1512
1423 1518
1423 1594
1423 1784
1423 1805
1423 1819
1485 1512
1485 1518
1485 1543
1485 1594
1485 1784
1485 1805
1485 1828
1485 1894
1512 1518
1512 1594
1512 1805
1512 1819
1512 1828
1512 1894
1518 1543
1518 1594
1518 1784
1518 1805
1518 1819
1518 1828
1518 1870
1519 1894
1543 1784
1543 1894
1594 1819
1594 1828
1805 1894
1870 1894
