0 1
0 2
0 3
0 1143
0 1212
0 1213
0 1215
0 1278
1 2
1 3
1 1143
1 1213
1 1693
1 1694
2 3
4 5
4 6
4 7
5 6
5 7
5 1646
5 1647
5 1650
5 1651
6 7
6 10
6 11
8 9
8 10
8 11
8 19
8 20
9 11
9 20
9 1618
9 1619
9 1620
10 11
10 12
10 13
10 19
10 20
10 22
10 521
10 1618
11 12
11 13
11 19
11 20
11 521
11 522
12 13
14 15
14 16
14 1300
15 16
15 64
17 18
19 20
19 21
19 22
20 21
20 23
22 23
22 24
22 25
22 26
22 27
23 24
23 25
23 26
23 27
24 25
24 26
24 27
24 125
24 937
25 26
25 27
26 27
28 29
28 30
28 31
28 32
28 33
28 39
28 47
28 50
28 53
28 1392
28 1395
29 30
29 31
29 32
29 33
29 34
29 40
29 48
29 49
30 31
30 32
30 33
30 39
30 47
30 50
31 32
31 33
31 34
31 48
31 55
33 34
33 35
33 36
33 37
33 38
33 47
33 50
34 35
34 36
34 37
34 38
34 48
34 49
35 36
35 37
35 38
36 37
36 38
37 38
37 1272
39 40
39 41
39 42
39 43
39 44
39 45
39 46
39 47
39 50
40 41
40 42
40 43
40 44
40 45
40 46
40 48
40 49
41 42
41 43
41 44
41 45
41 46
42 43
42 44
42 45
42 46
43 44
43 45
43 46
44 45
44 46
45 46
46 905
46 959
47 48
47 49
47 50
47 51
47 52
47 804
48 49
48 50
48 51
48 52
48 804
49 50
49 51
49 52
49 804
49 805
50 51
50 52
50 804
51 52
51 541
53 54
53 55
53 56
53 57
53 58
53 59
53 1710
54 55
54 56
54 57
54 58
54 59
54 60
54 63
54 64
54 238
54 571
54 1710
55 56
55 57
55 58
55 60
55 64
55 1710
55 1711
56 57
56 58
57 58
58 59
58 60
59 60
59 61
59 62
59 63
59 1491
60 61
60 62
60 64
60 678
60 679
61 62
63 64
63 65
63 66
63 67
63 559
63 560
63 1057
63 1104
63 1561
63 1562
64 65
64 66
64 145
64 1546
64 1547
64 1561
64 1562
65 66
65 455
67 68
67 69
67 70
67 71
67 77
67 78
67 79
67 80
67 550
67 744
68 69
68 70
68 71
68 78
68 80
68 613
68 744
68 791
69 70
69 71
70 71
72 73
72 74
72 75
72 76
72 80
72 613
73 74
73 75
73 76
74 75
74 76
75 76
77 78
77 79
77 80
77 81
77 82
77 83
77 84
77 85
77 86
77 87
77 97
77 605
77 612
77 613
77 664
77 1070
77 1613
78 79
78 80
78 81
78 82
78 83
78 84
78 85
78 86
78 88
78 613
78 664
78 1071
79 80
79 81
79 82
79 83
79 84
79 85
79 86
79 87
79 97
79 250
79 607
79 612
79 613
79 664
80 81
80 82
80 83
80 84
80 85
80 86
80 98
80 250
80 613
80 664
81 82
81 83
81 84
81 85
81 86
82 83
82 84
82 85
82 86
83 84
83 85
83 86
84 85
84 86
84 660
85 86
85 618
85 744
85 761
85 762
86 744
87 88
87 89
87 90
87 91
87 97
87 98
87 106
87 1212
87 1613
87 1614
88 89
88 90
88 91
88 98
88 106
88 1528
88 1529
88 1613
88 1614
89 90
89 91
90 91
92 93
92 94
92 95
92 96
92 97
92 98
92 106
92 1440
92 1609
92 1610
93 94
93 95
93 96
93 98
93 106
93 1610
94 95
94 96
94 406
94 537
94 1026
94 1272
94 1322
95 96
95 1028
97 98
97 99
97 100
97 101
97 102
97 103
97 104
97 105
97 106
97 350
97 527
97 532
97 537
97 990
97 1182
97 1587
98 99
98 100
98 101
98 102
98 103
98 104
98 105
98 106
98 119
98 532
98 546
98 1183
98 1501
99 100
99 101
99 102
99 103
99 104
99 105
99 106
100 101
100 102
100 103
100 104
100 105
100 106
101 102
101 103
101 104
101 105
101 106
102 103
102 104
102 105
102 106
103 104
103 105
103 106
103 550
103 551
104 105
104 106
105 106
106 115
106 1428
107 108
107 109
107 110
107 111
107 114
107 118
107 625
107 687
107 693
107 1195
108 109
108 110
108 112
108 115
108 119
108 625
108 626
108 687
108 693
108 718
109 110
111 112
111 113
112 113
112 114
112 115
112 119
112 124
112 1064
112 1562
114 115
114 116
114 117
114 118
114 119
114 123
114 124
114 169
114 231
114 422
114 433
114 516
114 1371
115 116
115 117
115 118
115 119
115 123
115 124
115 516
115 517
116 117
116 1013
118 119
118 120
118 121
118 122
118 124
118 156
118 179
118 527
118 688
118 1671
118 1685
118 1686
119 120
119 121
119 122
119 124
119 125
119 144
119 145
119 157
119 266
119 528
119 1055
119 1169
119 1671
119 1685
119 1686
120 121
120 122
121 122
123 124
123 125
123 126
123 127
123 128
123 129
123 142
123 151
123 1055
123 1056
123 1057
123 1059
123 1063
123 1064
123 1151
123 1152
123 1197
123 1475
123 1592
123 1593
123 1701
124 125
124 126
124 127
124 128
124 129
124 142
124 1056
124 1059
124 1060
124 1063
124 1064
124 1198
124 1593
124 1702
125 126
125 127
125 129
125 602
125 900
125 1056
125 1057
125 1059
125 1060
126 127
128 129
128 130
128 131
128 140
128 1231
128 1292
128 1512
128 1565
128 1614
128 1701
129 130
129 131
129 140
129 456
129 470
129 1231
129 1232
129 1292
129 1565
129 1701
130 131
132 133
132 134
132 135
133 134
133 135
133 814
134 135
136 137
136 138
136 139
136 140
136 141
136 144
136 1698
137 138
137 139
137 140
137 141
137 144
138 139
138 140
138 141
139 140
139 141
139 144
140 141
140 145
140 151
140 152
140 318
140 517
140 642
141 642
142 143
142 145
142 1055
142 1057
144 145
144 146
144 147
144 148
144 149
144 150
144 151
144 471
144 520
144 1093
144 1094
144 1475
145 146
145 147
145 148
145 149
145 150
145 151
145 152
145 517
145 551
145 600
145 1094
145 1178
145 1213
145 1475
146 147
146 148
146 149
146 150
147 148
147 149
147 150
148 149
148 150
149 150
150 151
150 1093
150 1094
150 1475
150 1476
151 152
151 153
151 154
151 155
151 174
151 188
151 217
151 219
151 269
151 1175
151 1176
151 1177
151 1178
151 1392
152 153
152 154
152 155
152 157
152 188
152 217
152 218
152 269
152 270
152 1027
153 154
153 155
154 155
156 157
156 158
156 159
156 160
156 161
156 162
156 163
156 164
156 169
156 174
156 375
156 1075
156 1249
156 1564
157 158
157 159
157 160
157 161
157 162
157 163
157 164
157 170
157 175
157 375
157 376
157 1249
157 1564
157 1565
158 159
158 160
158 161
158 162
158 163
158 164
159 160
159 161
159 162
159 163
159 164
160 161
160 162
160 163
160 164
161 162
161 163
161 164
161 169
161 170
161 174
161 375
161 1249
161 1564
162 163
162 164
162 166
162 170
162 175
162 318
162 376
162 1249
162 1564
163 164
164 170
165 166
165 167
165 168
165 169
166 167
166 168
166 170
167 168
169 170
169 171
169 172
169 173
169 174
169 188
169 189
169 985
169 1101
170 171
170 172
170 173
170 175
170 211
170 1101
170 1257
171 172
171 173
172 173
174 175
174 176
174 177
174 178
174 225
174 378
174 1101
174 1152
175 176
175 177
175 178
175 226
175 1152
176 177
176 178
177 178
179 180
179 181
179 182
179 183
179 618
179 1018
180 181
180 182
180 183
180 1022
181 182
181 183
181 1640
181 1642
182 183
182 537
182 541
182 545
184 185
184 186
184 187
185 186
185 187
186 187
188 189
188 190
188 191
188 192
188 193
188 194
188 195
189 190
189 191
189 192
189 193
189 194
189 195
190 191
190 192
190 193
190 194
190 195
190 538
191 192
191 193
191 194
191 195
192 193
192 194
192 195
193 194
193 195
193 546
194 195
196 197
196 198
196 199
196 200
196 824
196 825
197 198
197 199
197 200
197 532
198 199
198 200
199 200
201 202
201 203
201 204
201 205
201 206
202 203
202 204
202 205
202 206
202 1476
202 1650
203 204
203 205
203 206
204 205
204 206
205 206
205 541
205 1026
205 1027
205 1028
207 208
207 209
207 210
207 211
207 212
207 213
207 214
207 215
207 216
207 436
207 464
207 550
207 1165
208 209
208 210
208 211
208 212
208 213
208 214
208 215
208 216
208 436
208 437
208 551
209 210
209 211
209 212
209 213
209 214
209 215
209 216
209 455
209 460
209 464
209 985
209 1093
210 211
210 212
210 213
210 214
210 215
210 216
210 461
210 463
211 212
211 213
211 214
211 215
211 216
211 460
211 469
211 470
212 213
212 214
212 215
212 216
212 787
213 214
213 215
213 216
214 215
214 216
215 216
216 660
216 664
217 218
217 219
217 220
217 221
217 222
217 223
217 224
217 225
217 226
217 227
217 1151
217 1165
217 1440
218 219
218 220
218 221
218 222
218 223
218 224
218 226
218 227
218 1151
219 220
219 221
219 222
219 223
219 224
220 221
220 222
220 223
220 224
221 222
221 223
221 224
222 223
222 224
222 433
222 1588
222 1618
222 1619
222 1620
223 224
223 227
223 491
223 1588
225 226
225 227
225 228
225 229
225 230
225 231
225 232
225 350
225 351
225 489
225 1151
225 1402
226 227
226 228
226 229
226 230
226 231
226 232
226 234
226 235
226 489
226 490
226 491
227 228
227 229
227 230
227 231
227 232
227 330
227 489
227 602
228 229
228 230
228 231
228 232
229 230
229 231
229 232
230 231
230 232
231 232
231 236
231 436
231 1084
233 234
233 235
233 236
233 237
233 238
233 239
233 240
233 398
233 455
233 1172
233 1173
234 235
234 236
234 237
234 238
234 239
234 399
234 528
235 236
235 237
235 238
235 239
235 240
235 398
235 399
235 463
235 528
236 237
236 238
236 239
236 278
236 279
236 398
236 455
236 469
237 238
237 239
237 240
237 250
237 279
237 398
237 399
237 456
237 528
238 869
238 1013
239 240
239 241
239 242
239 243
239 244
239 245
239 507
240 241
240 242
240 243
240 244
240 245
240 250
241 242
241 243
241 244
241 245
242 243
242 244
242 245
243 244
243 245
244 245
245 439
246 247
246 248
246 249
246 1467
247 248
247 249
247 533
247 542
248 249
248 422
248 433
250 251
250 254
250 1701
252 253
252 254
252 255
252 256
252 257
252 258
252 259
252 282
253 254
253 255
253 256
253 257
253 259
254 255
254 256
254 257
255 256
255 257
256 257
258 259
258 260
258 261
258 262
258 282
258 283
259 260
259 261
259 262
259 266
259 282
259 283
260 261
260 262
261 262
263 264
263 265
264 265
265 422
265 1486
266 267
266 268
266 278
266 279
266 334
266 335
266 456
266 469
266 470
266 1097
266 1418
266 1419
266 1425
266 1578
266 1614
266 1681
266 1682
266 1702
267 268
269 270
269 271
269 272
269 1195
269 1528
269 1529
270 271
270 272
270 283
270 1195
271 272
273 274
273 275
273 276
273 277
273 278
273 279
273 282
273 283
273 309
274 275
274 276
274 277
274 278
274 279
274 283
274 1403
275 276
275 277
276 277
278 279
278 280
278 281
278 292
278 293
279 280
279 281
279 1746
279 1747
280 281
282 283
282 284
282 285
282 286
282 292
282 293
282 501
282 502
282 1727
282 1731
283 284
283 285
283 286
283 293
283 501
283 502
283 1418
284 285
284 286
285 286
287 288
287 289
287 290
287 291
288 289
288 290
288 291
289 290
289 291
290 291
292 293
292 294
292 317
292 995
292 1741
292 1742
293 294
293 307
293 308
293 310
293 318
293 320
293 501
293 502
293 1731
293 1741
295 296
295 297
295 298
295 299
295 300
295 471
295 490
296 297
296 298
296 299
296 300
297 298
297 299
297 300
297 489
297 537
298 299
298 300
298 423
298 489
299 300
301 302
301 303
301 304
301 305
301 306
301 308
301 1207
301 1226
301 1353
301 1354
301 1355
301 1390
301 1392
301 1395
301 1397
301 1398
301 1399
302 303
302 304
302 305
302 306
302 308
302 1224
302 1226
302 1353
302 1354
302 1394
302 1399
303 304
303 305
303 306
304 305
304 306
304 308
304 1226
304 1227
304 1354
305 306
307 308
307 309
307 310
307 311
307 312
307 317
307 318
307 1165
307 1168
307 1169
307 1172
307 1173
308 309
308 310
308 311
308 312
308 317
308 318
308 511
308 1165
308 1166
308 1169
308 1172
308 1173
309 310
309 311
309 312
309 317
309 318
309 321
309 1070
309 1165
309 1168
309 1169
310 311
310 312
310 318
310 320
310 321
310 1169
311 312
313 314
313 315
313 316
313 471
313 594
313 1151
314 315
314 316
315 316
317 318
317 319
317 320
317 321
317 322
317 327
317 491
317 550
318 319
318 320
318 321
318 322
318 324
318 327
318 328
318 489
318 491
319 320
319 321
319 322
320 321
320 322
320 328
320 406
320 407
320 410
321 322
321 332
321 333
321 406
323 324
323 325
323 326
323 327
323 328
323 330
323 332
323 431
324 325
324 326
324 327
324 328
324 330
324 332
324 434
325 326
327 328
327 329
327 330
327 331
327 332
327 333
327 339
327 340
327 431
327 432
327 433
327 434
327 471
327 935
328 329
328 330
328 331
328 332
328 333
328 339
328 340
328 431
328 432
328 433
328 434
328 471
328 472
328 1583
329 330
329 331
329 332
329 333
330 331
330 332
330 333
330 339
330 340
330 433
330 434
330 471
330 472
330 514
331 332
331 333
332 333
332 339
332 340
332 431
332 433
332 434
332 471
332 1582
332 1701
332 1736
334 335
334 336
334 337
334 338
334 339
334 340
334 341
334 342
334 431
334 433
334 456
334 464
335 336
335 337
335 338
335 339
335 340
335 341
335 342
335 431
335 433
335 455
335 456
335 460
335 461
335 463
336 337
336 338
336 339
336 340
336 341
336 342
337 338
337 339
337 340
337 341
337 342
338 339
338 340
338 341
338 342
339 340
339 341
339 342
340 341
340 342
341 342
343 344
343 345
343 346
343 347
343 348
343 349
344 345
344 346
344 347
344 348
344 349
345 346
345 347
345 348
345 349
346 347
346 348
346 349
346 1178
347 348
347 349
348 349
348 1294
348 1295
350 351
350 352
350 353
350 354
350 507
350 1117
350 1118
351 352
351 353
351 354
352 353
352 354
352 1178
353 354
355 356
355 357
355 358
355 359
355 360
355 361
356 357
356 358
356 359
356 360
356 361
357 358
357 359
357 360
357 361
358 359
358 360
358 361
359 360
359 361
359 660
360 361
362 363
362 364
362 365
362 366
362 367
362 368
362 369
362 370
362 371
362 375
363 364
363 365
363 366
363 367
363 368
363 369
363 370
363 371
363 375
364 365
364 366
364 367
364 368
364 369
364 370
364 371
365 366
365 367
365 368
365 369
365 370
365 371
365 422
366 367
366 368
366 369
366 370
366 371
367 368
367 369
367 370
367 371
368 369
368 370
368 371
369 370
369 371
370 371
371 694
372 373
372 374
373 374
374 1173
375 376
375 377
375 1066
376 377
376 431
376 432
376 1067
376 1098
378 379
378 380
378 469
379 380
381 382
381 383
381 384
381 1368
381 1402
381 1512
381 1513
381 1514
381 1515
382 383
382 384
382 1368
382 1393
382 1394
382 1396
383 384
385 386
385 387
386 387
388 389
388 390
388 1117
388 1118
389 390
389 1119
391 392
391 393
391 394
391 395
391 396
391 397
391 398
391 399
391 1131
391 1140
391 1141
391 1238
391 1311
391 1312
391 1604
392 393
392 394
392 395
392 396
392 397
392 405
392 1131
392 1132
392 1140
392 1141
392 1239
392 1311
393 394
393 395
393 396
393 397
394 395
394 396
394 397
395 396
395 397
395 1131
395 1132
395 1140
395 1141
395 1311
396 397
398 399
398 400
398 401
398 402
398 403
398 404
398 405
398 516
398 1272
399 400
399 401
399 402
399 403
399 404
399 405
399 1272
400 401
400 402
400 403
400 404
400 405
401 402
401 403
401 404
401 405
402 403
402 404
402 405
402 469
403 404
403 405
404 405
404 1118
406 407
406 408
406 409
406 410
406 411
406 412
406 422
406 423
406 431
406 1104
406 1122
406 1123
406 1175
406 1176
406 1177
406 1212
406 1213
406 1697
407 408
407 409
407 410
407 411
407 412
407 423
407 1122
407 1123
407 1175
407 1176
407 1177
408 409
408 410
408 411
408 412
409 410
409 411
409 412
410 411
410 412
410 601
410 900
410 1123
410 1302
411 412
411 422
412 423
413 414
413 415
413 416
413 417
413 418
413 419
413 420
413 421
413 948
413 966
413 1056
413 1063
413 1064
413 1475
414 415
414 416
414 417
414 418
414 419
414 420
414 421
414 1056
414 1063
414 1064
415 416
415 417
415 418
415 419
415 420
415 421
416 417
416 418
416 419
416 420
416 421
417 418
417 419
417 420
417 421
418 419
418 420
418 421
418 422
418 423
419 420
419 421
420 421
422 423
422 424
422 425
422 576
422 618
422 1063
422 1086
422 1197
422 1231
423 424
423 425
423 576
423 1063
423 1064
424 425
426 427
426 428
426 429
426 430
427 428
427 429
427 430
428 429
428 430
429 430
429 434
429 489
429 491
431 432
431 433
431 434
431 435
431 456
431 471
431 1165
432 433
432 434
432 435
432 455
432 460
432 463
432 464
432 471
432 1165
432 1166
433 434
433 435
433 471
433 479
433 672
434 435
434 471
434 602
436 437
436 438
436 439
436 446
436 507
436 508
436 545
436 1122
436 1344
437 438
437 439
437 465
437 508
437 1022
437 1098
438 439
438 1177
439 465
439 508
439 1098
440 441
440 442
440 443
440 444
441 442
441 443
441 444
442 443
442 444
443 444
443 1175
443 1176
443 1177
443 1178
443 1551
444 1176
444 1177
445 446
445 447
445 448
446 447
446 448
446 1093
446 1094
447 448
447 460
447 1314
449 450
449 451
449 452
449 453
449 454
449 1215
449 1505
450 451
450 452
450 453
450 454
450 1213
451 452
451 453
451 454
452 453
452 454
453 454
455 456
455 457
455 458
455 459
455 460
455 461
455 462
455 463
455 464
455 465
455 466
455 467
455 468
455 469
455 470
455 471
455 569
455 649
455 1348
455 1349
455 1350
456 457
456 458
456 459
456 460
456 461
456 462
456 463
456 464
456 465
456 466
456 467
456 468
456 469
456 470
456 471
456 569
456 650
456 1085
456 1097
456 1426
456 1565
457 458
457 459
457 460
457 461
457 462
457 463
457 464
457 465
457 466
457 467
457 468
457 469
457 470
458 459
458 460
458 461
458 462
458 463
458 464
458 465
458 466
458 467
458 468
458 469
458 470
459 460
459 461
459 462
459 463
459 464
459 465
459 466
459 467
459 468
459 469
459 470
460 461
460 462
460 463
460 464
460 465
460 466
460 467
460 468
460 469
460 470
460 471
460 649
460 1217
460 1564
461 462
461 463
461 464
461 465
461 466
461 467
461 468
461 469
461 470
461 472
461 843
461 1452
462 463
462 464
462 465
462 466
462 467
462 468
462 469
462 470
462 537
462 1118
463 464
463 465
463 466
463 467
463 468
463 469
463 470
463 472
463 1022
464 465
464 466
464 467
464 468
464 469
464 470
464 471
464 1632
465 466
465 467
465 468
465 469
465 470
466 467
466 468
466 469
466 470
467 468
467 469
467 470
467 1021
467 1175
467 1176
467 1177
467 1178
468 469
468 470
468 1175
468 1176
469 470
469 471
469 483
469 1314
469 1426
469 1563
470 512
470 522
470 551
470 563
470 1097
470 1098
470 1315
471 472
471 473
471 474
471 475
471 476
471 477
471 478
471 479
471 480
471 481
471 482
471 483
471 484
471 485
471 486
471 487
471 488
471 489
471 527
471 693
471 790
471 862
471 888
471 943
471 1093
471 1104
471 1105
471 1117
471 1158
471 1159
471 1277
471 1371
471 1427
471 1451
471 1455
471 1646
471 1647
471 1650
471 1701
472 473
472 474
472 475
472 476
472 477
472 478
472 479
472 480
472 481
472 482
472 483
472 484
472 485
472 486
472 487
472 488
472 1105
472 1646
472 1647
472 1650
472 1651
473 474
473 475
473 476
473 477
473 478
473 479
473 480
473 481
473 482
473 483
473 484
473 485
473 486
473 487
473 488
474 475
474 476
474 477
474 478
474 479
474 480
474 481
474 482
474 483
474 484
474 485
474 486
474 487
474 488
475 476
475 477
475 478
475 479
475 480
475 481
475 482
475 483
475 484
475 485
475 486
475 487
475 488
475 1104
476 477
476 478
476 479
476 480
476 481
476 482
476 483
476 484
476 485
476 486
476 487
476 488
477 478
477 479
477 480
477 481
477 482
477 483
477 484
477 485
477 486
477 487
477 488
478 479
478 480
478 481
478 482
478 483
478 484
478 485
478 486
478 487
478 488
479 480
479 481
479 482
479 483
479 484
479 485
479 486
479 487
479 488
480 481
480 482
480 483
480 484
480 485
480 486
480 487
480 488
481 482
481 483
481 484
481 485
481 486
481 487
481 488
482 483
482 484
482 485
482 486
482 487
482 488
483 484
483 485
483 486
483 487
483 488
483 527
483 1344
483 1345
483 1632
483 1633
484 485
484 486
484 487
484 488
484 1632
484 1633
485 486
485 487
485 488
486 487
486 488
487 488
487 489
487 490
487 1562
487 1647
487 1650
487 1651
488 489
488 490
488 491
488 1647
489 490
489 491
489 492
489 493
489 1751
490 491
490 492
490 493
490 960
490 1056
490 1556
490 1750
490 1751
491 492
491 493
491 1751
492 493
492 1402
494 495
494 496
494 497
494 498
494 499
494 500
494 527
494 532
494 1084
494 1486
495 496
495 497
495 498
495 499
495 500
495 538
495 635
495 1085
496 497
496 498
496 499
496 500
497 498
497 499
497 500
498 499
498 500
499 500
501 502
501 503
501 504
501 505
501 506
501 507
502 503
502 504
502 505
502 506
502 507
502 508
503 504
503 505
503 506
504 505
504 506
504 602
505 506
507 508
507 509
507 510
507 1705
507 1706
507 1727
507 1741
507 1761
508 509
508 510
508 679
508 1382
508 1727
508 1728
508 1761
508 1762
509 510
511 512
511 513
511 514
511 515
511 1165
511 1166
511 1172
511 1173
511 1213
512 513
512 514
512 515
513 514
513 515
514 515
516 517
516 518
516 519
516 520
516 1063
516 1151
516 1152
516 1475
516 1518
517 518
517 519
517 520
517 1055
517 1064
517 1151
517 1152
517 1765
518 519
518 520
519 520
519 1063
519 1064
519 1151
519 1152
519 1519
520 1013
521 522
521 523
521 524
521 525
521 526
521 1104
521 1105
522 523
522 524
522 525
522 526
522 533
522 542
522 546
522 1011
522 1104
522 1105
523 524
523 525
523 526
524 525
524 526
525 526
526 546
527 528
527 529
527 530
527 531
527 532
527 533
527 534
527 535
527 536
527 537
527 538
527 539
527 540
527 541
527 542
527 543
527 544
527 545
527 546
527 547
527 548
527 549
527 995
527 1010
527 1142
527 1701
528 529
528 530
528 531
528 532
528 533
528 534
528 535
528 536
528 537
528 538
528 539
528 540
528 541
528 542
528 543
528 544
528 545
528 546
528 547
528 548
528 549
528 551
528 1010
528 1011
528 1021
528 1022
528 1143
528 1300
528 1724
529 530
529 531
529 532
529 533
529 534
529 535
529 536
529 537
529 538
529 539
529 540
529 541
529 542
529 543
529 544
529 545
529 546
529 547
529 548
529 549
529 551
529 671
529 1011
529 1021
529 1022
529 1724
530 531
530 532
530 533
530 534
530 535
530 536
530 537
530 538
530 539
530 540
530 541
530 542
530 543
530 544
530 545
530 546
530 547
530 548
530 549
531 532
531 533
531 534
531 535
531 536
531 537
531 538
531 539
531 540
531 541
531 542
531 543
531 544
531 545
531 546
531 547
531 548
531 549
532 533
532 534
532 535
532 536
532 537
532 538
532 539
532 540
532 541
532 542
532 543
532 544
532 545
532 546
532 547
532 548
532 549
532 550
532 880
532 1010
532 1021
532 1182
532 1554
532 1555
532 1587
533 534
533 535
533 536
533 537
533 538
533 539
533 540
533 541
533 542
533 543
533 544
533 545
533 546
533 547
533 548
533 549
533 551
533 1011
533 1015
533 1018
533 1022
533 1143
533 1724
534 535
534 536
534 537
534 538
534 539
534 540
534 541
534 542
534 543
534 544
534 545
534 546
534 547
534 548
534 549
535 536
535 537
535 538
535 539
535 540
535 541
535 542
535 543
535 544
535 545
535 546
535 547
535 548
535 549
536 537
536 538
536 539
536 540
536 541
536 542
536 543
536 544
536 545
536 546
536 547
536 548
536 549
537 538
537 539
537 540
537 541
537 542
537 543
537 544
537 545
537 546
537 547
537 548
537 549
537 990
537 1010
537 1016
537 1021
538 539
538 540
538 541
538 542
538 543
538 544
538 545
538 546
538 547
538 548
538 549
538 551
538 591
538 592
538 1010
538 1022
538 1724
539 540
539 541
539 542
539 543
539 544
539 545
539 546
539 547
539 548
539 549
540 541
540 542
540 543
540 544
540 545
540 546
540 547
540 548
540 549
541 542
541 543
541 544
541 545
541 546
541 547
541 548
541 549
541 591
541 1010
541 1015
541 1203
541 1723
542 543
542 544
542 545
542 546
542 547
542 548
542 549
542 551
542 1010
542 1011
542 1015
542 1022
542 1229
543 544
543 545
543 546
543 547
543 548
543 549
544 545
544 546
544 547
544 548
544 549
545 546
545 547
545 548
545 549
545 1010
545 1016
545 1097
545 1142
546 547
546 548
546 549
546 551
546 1011
546 1143
547 548
547 549
548 549
550 551
550 552
550 553
550 1212
550 1642
550 1723
551 552
551 553
551 1213
552 553
554 555
554 556
554 557
554 558
554 599
554 612
554 618
554 641
554 683
554 697
554 702
554 717
554 757
554 759
554 779
554 948
554 1459
555 556
555 557
555 558
555 599
555 600
555 619
555 620
555 641
555 642
555 697
555 698
555 724
555 779
555 780
555 943
556 557
556 558
557 558
559 560
559 561
559 562
559 563
559 1026
559 1027
559 1028
559 1623
559 1624
560 561
560 562
560 563
560 1623
560 1624
561 562
561 563
562 563
563 1618
563 1619
563 1620
564 565
564 566
564 567
564 568
564 1459
565 566
565 567
565 568
566 567
566 568
567 568
567 1551
569 570
569 571
569 572
569 605
569 935
569 936
569 937
569 940
569 941
569 1104
570 571
570 572
570 927
570 936
570 937
570 941
570 1011
570 1105
571 572
573 574
573 575
573 576
573 577
573 578
573 579
573 580
573 581
573 594
573 595
573 618
573 619
573 664
574 575
574 576
574 577
574 578
574 579
574 580
574 581
575 576
575 577
575 578
575 579
575 580
575 581
576 577
576 578
576 579
576 580
576 581
577 578
577 579
577 580
577 581
578 579
578 580
578 581
579 580
579 581
580 581
582 583
582 594
582 595
582 618
582 619
582 620
582 926
582 927
583 927
584 585
584 586
584 587
584 588
584 589
584 590
584 926
585 586
585 587
585 588
585 589
585 590
585 642
585 889
586 587
586 588
586 589
586 590
587 588
587 589
587 590
588 589
588 590
588 948
588 949
589 590
589 949
591 592
591 593
592 593
592 595
592 718
593 855
593 856
594 595
594 596
594 597
594 598
594 599
594 605
594 607
594 618
594 846
594 1213
594 1238
595 596
595 597
595 598
595 606
595 608
595 618
595 638
595 758
595 766
595 851
595 868
595 881
595 953
596 597
596 598
597 598
599 600
599 601
599 602
599 603
599 604
599 606
599 607
599 612
599 637
599 687
599 730
599 734
599 753
599 761
599 1042
600 601
600 602
600 603
600 604
600 620
600 635
600 707
600 734
600 735
600 753
600 754
600 762
600 833
600 843
600 866
600 944
600 1207
601 602
601 603
601 604
601 607
601 608
601 730
601 734
601 753
601 937
601 1042
601 1321
602 603
602 604
602 607
602 613
602 730
602 734
602 753
602 1042
603 604
603 672
605 606
605 607
605 608
605 609
605 610
605 611
605 612
605 613
605 614
605 615
605 616
605 617
605 618
605 693
605 730
605 787
605 842
605 843
605 935
605 943
605 1491
606 607
606 608
606 609
606 610
606 611
606 612
606 613
606 614
606 615
606 616
606 617
606 619
606 779
606 788
606 796
606 843
606 889
606 936
606 943
606 944
606 1188
607 608
607 609
607 610
607 611
607 612
607 613
607 614
607 615
607 616
607 617
607 634
607 635
607 717
607 730
607 737
607 787
607 824
607 842
607 926
608 609
608 610
608 611
608 612
608 613
608 614
608 615
608 616
608 617
608 725
608 730
608 766
608 842
608 843
608 944
609 610
609 611
609 612
609 613
609 614
609 615
609 616
609 617
610 611
610 612
610 613
610 614
610 615
610 616
610 617
611 612
611 613
611 614
611 615
611 616
611 617
612 613
612 614
612 615
612 616
612 617
612 730
612 737
612 842
613 614
613 615
613 616
613 617
613 650
613 658
613 659
613 731
613 738
613 944
613 945
613 1643
614 615
614 616
614 617
615 616
615 617
616 617
616 685
618 619
618 620
618 621
618 622
618 623
618 624
618 637
618 787
618 845
618 1212
618 1544
618 1611
618 1701
619 620
619 621
619 622
619 623
619 624
619 625
619 626
619 635
619 638
619 664
619 788
619 845
620 621
620 622
620 623
620 624
620 638
620 698
620 753
620 881
620 1151
620 1152
621 622
621 623
621 624
622 623
622 624
623 624
625 626
625 627
625 628
625 629
625 630
625 631
625 632
625 633
625 687
625 688
625 693
625 717
625 718
625 940
625 941
626 627
626 628
626 629
626 630
626 631
626 632
626 633
626 635
626 664
626 688
626 718
626 927
626 941
627 628
627 629
627 630
627 631
627 632
627 633
627 694
628 629
628 630
628 631
628 632
628 633
629 630
629 631
629 632
629 633
630 631
630 632
630 633
631 632
631 633
632 633
634 635
634 636
634 678
634 683
634 693
634 697
634 709
634 1618
634 1620
635 636
635 638
635 642
635 645
635 654
635 663
635 817
635 881
637 638
637 639
637 640
637 641
637 779
637 943
638 639
638 640
638 642
638 703
638 779
638 780
639 640
639 641
641 642
641 643
641 644
641 645
641 646
641 658
641 664
641 676
641 678
641 687
641 697
641 829
641 875
641 1388
642 643
642 644
642 645
642 646
642 647
642 658
642 659
642 662
642 743
642 757
643 644
643 645
643 646
644 645
644 646
645 646
645 660
645 662
645 743
647 648
647 662
647 678
647 709
649 650
649 651
649 652
649 653
649 654
649 655
649 656
649 657
649 685
649 737
649 743
649 940
650 651
650 652
650 653
650 654
650 655
650 656
650 657
650 685
650 686
650 737
650 738
651 652
651 653
651 654
651 655
651 656
651 657
652 653
652 654
652 655
652 656
652 657
653 654
653 655
653 656
653 657
654 655
654 656
654 657
655 656
655 657
656 657
658 659
658 660
658 662
658 683
658 861
658 935
659 679
659 683
659 762
659 861
660 661
660 662
660 663
660 664
660 672
660 676
660 678
660 697
660 713
660 737
660 743
660 757
660 862
661 662
661 663
661 664
662 663
662 664
662 673
662 679
662 698
662 703
662 718
662 743
662 757
662 862
662 1437
663 664
664 671
664 672
664 694
664 721
664 738
664 862
664 894
665 666
665 667
665 668
665 669
665 670
665 672
666 667
666 668
666 669
666 670
667 668
667 669
667 670
668 669
668 670
669 670
670 671
671 672
671 673
671 674
671 675
671 676
671 677
671 678
671 679
671 697
671 698
671 708
671 711
671 712
671 723
671 952
672 673
672 674
672 675
672 676
672 677
672 678
672 693
672 697
672 702
672 711
672 890
672 1437
673 674
673 675
673 676
673 677
674 675
674 676
674 677
675 676
675 677
676 677
676 685
677 702
678 679
678 680
678 681
678 682
678 683
678 684
678 687
678 693
678 761
678 860
678 862
678 865
678 1212
679 680
679 681
679 682
679 683
679 684
679 710
679 735
679 776
679 862
679 865
679 1437
679 1719
680 681
680 682
681 682
683 684
683 685
683 686
683 688
683 694
683 734
683 779
683 855
683 894
683 944
683 1042
683 1599
684 685
684 686
684 688
684 734
684 735
684 779
684 855
684 894
684 943
684 944
684 1042
684 1043
684 1719
685 686
685 695
685 775
685 776
685 894
685 1042
685 1397
686 776
686 780
686 894
686 1042
686 1719
687 688
687 689
687 690
687 691
687 692
687 693
687 694
687 697
687 702
687 717
687 718
687 779
687 787
687 1018
687 1277
687 1528
688 689
688 690
688 691
688 692
688 693
688 694
688 698
688 717
688 718
688 816
688 825
688 843
689 690
689 691
689 692
690 691
690 692
691 692
693 694
693 695
693 696
693 697
693 702
693 709
693 717
693 718
693 735
693 935
694 695
694 696
694 698
694 703
694 710
694 718
694 721
694 723
695 696
696 702
697 698
697 699
697 700
697 701
697 702
697 703
697 708
697 709
697 711
697 717
697 737
697 759
697 904
697 926
697 948
697 952
698 699
698 700
698 701
698 702
698 703
698 708
698 711
698 712
698 718
698 1600
699 700
699 701
700 701
702 703
702 704
702 705
702 706
702 707
702 708
702 711
702 717
702 759
702 1718
703 704
703 705
703 706
703 707
703 708
703 711
703 714
703 762
703 788
704 705
704 706
704 707
704 708
705 706
705 707
705 708
706 707
706 708
707 708
707 1506
709 710
709 1718
710 762
710 776
710 821
710 889
711 712
711 713
711 714
711 715
711 716
711 1026
711 1027
711 1028
712 713
712 714
712 715
712 716
713 714
713 715
713 716
714 715
714 716
714 718
715 716
717 718
717 719
717 720
717 721
717 788
717 824
717 948
718 719
718 720
718 721
718 788
719 720
719 721
720 721
722 723
722 824
722 825
724 725
724 726
724 727
724 728
724 729
724 843
725 726
725 727
725 728
725 729
725 787
725 856
725 889
725 944
726 727
726 728
726 729
727 728
727 729
728 729
730 731
730 732
730 733
730 787
730 843
731 732
731 733
731 843
732 733
734 735
734 736
734 737
734 743
734 753
734 754
734 787
734 788
734 830
734 931
734 1042
735 736
735 738
735 744
735 753
735 754
735 787
735 788
735 814
735 830
735 843
735 931
735 944
735 1042
737 738
737 739
737 740
737 741
737 742
737 743
737 926
737 948
738 739
738 740
738 741
738 742
738 791
738 927
739 740
739 741
739 742
740 741
740 742
741 742
742 1341
742 1342
742 1349
743 744
743 745
743 746
743 747
743 748
743 749
743 750
743 757
743 773
743 787
743 842
743 861
743 869
743 895
743 1388
744 745
744 746
744 747
744 748
744 749
744 750
744 758
744 797
744 830
744 861
744 1104
744 1105
745 746
745 747
745 748
745 749
745 750
746 747
746 748
746 749
746 750
747 748
747 749
747 750
748 749
748 750
749 750
751 752
753 754
753 755
753 756
753 824
754 755
754 756
754 1515
755 756
757 758
757 759
757 760
757 787
757 790
758 759
758 760
758 788
758 791
758 814
759 760
761 762
761 763
761 764
761 773
761 774
761 790
761 810
761 811
761 866
761 943
762 763
762 764
762 773
762 774
762 788
762 791
762 810
762 811
762 814
762 949
763 764
765 766
765 767
765 768
765 769
765 770
765 771
765 772
765 773
765 774
765 790
765 791
766 767
766 768
766 769
766 770
766 771
766 772
766 773
766 774
766 787
766 788
766 791
767 768
767 769
767 770
767 771
767 772
767 773
767 774
768 769
768 770
768 771
768 772
768 773
768 774
769 770
769 771
769 772
769 773
769 774
770 771
770 772
770 773
770 774
771 772
771 773
771 774
771 1452
771 1456
772 773
772 774
773 774
773 943
775 776
775 777
775 778
775 820
775 821
776 777
776 778
776 788
777 778
779 780
779 781
779 782
779 787
779 788
779 790
779 791
779 824
779 943
779 944
779 945
780 781
780 782
780 787
780 788
781 782
783 784
783 785
783 786
783 820
783 824
783 904
783 985
783 986
783 1486
784 785
784 786
785 786
787 788
787 789
787 824
787 842
787 855
787 937
787 943
787 944
787 945
787 1142
787 1294
787 1295
788 789
788 791
788 824
788 855
788 856
788 867
788 943
788 944
788 1294
788 1295
789 1505
790 791
790 792
790 793
790 794
790 795
790 820
790 888
790 1086
791 792
791 793
791 794
791 795
791 821
791 862
792 793
792 794
792 795
793 794
793 795
794 795
796 797
796 798
796 799
796 800
796 801
796 943
796 944
796 945
797 798
797 799
797 800
797 801
797 944
798 799
798 800
798 801
799 800
799 801
800 801
802 803
804 805
804 806
804 807
804 808
804 809
804 810
804 811
804 954
805 806
805 807
805 808
805 809
805 810
805 811
805 814
805 821
805 986
806 807
806 808
806 809
806 810
806 811
807 808
807 809
807 810
807 811
808 809
808 810
808 811
809 810
809 811
810 811
812 813
812 814
812 815
813 814
813 815
813 855
813 856
813 881
813 905
813 910
813 911
813 913
813 1022
814 815
814 821
814 861
814 881
814 910
814 913
814 944
816 817
816 818
816 819
816 881
817 818
817 819
817 855
817 880
817 881
818 819
820 821
820 822
820 823
820 869
820 1010
821 822
821 823
821 843
821 868
821 986
821 1768
821 1769
822 823
824 825
824 826
824 827
824 828
824 869
824 913
824 943
824 944
824 945
825 826
825 827
825 828
825 843
825 868
825 1431
826 827
826 828
827 828
829 830
829 831
829 832
829 833
830 831
830 832
830 833
830 971
831 832
831 833
832 833
834 835
834 836
834 837
835 836
835 837
835 860
836 837
838 839
838 840
838 841
838 904
838 905
839 840
839 841
839 905
840 841
842 843
842 844
843 844
843 880
843 881
843 985
843 986
843 1394
843 1399
843 1400
843 1402
843 1403
843 1413
845 846
845 847
845 848
845 849
845 940
846 847
846 848
846 849
846 868
847 848
847 849
848 849
850 851
850 852
850 853
850 854
850 855
850 856
850 888
850 889
850 943
850 954
851 852
851 853
851 854
851 889
851 954
852 853
852 854
852 860
853 854
855 856
855 857
855 858
855 859
855 869
855 888
855 889
855 892
855 895
855 896
855 943
855 954
855 970
856 857
856 858
856 859
856 862
856 888
856 889
856 892
856 896
856 967
857 858
857 859
858 859
860 861
860 862
860 863
860 864
860 865
860 869
860 873
860 880
860 904
860 918
860 956
860 968
860 1489
861 862
861 863
861 864
861 865
861 867
861 868
861 884
861 941
862 863
862 864
862 865
862 868
862 911
862 927
862 1605
863 864
863 865
864 865
865 866
865 867
866 867
866 868
866 869
866 870
866 871
866 872
866 873
866 880
866 1147
866 1604
866 1710
867 868
867 869
867 870
867 871
867 872
867 873
867 874
867 1147
867 1605
868 869
868 870
868 871
868 872
868 879
868 889
868 905
868 927
868 941
868 1011
868 1147
869 870
869 871
869 872
869 876
869 888
869 904
869 926
869 943
869 968
869 985
869 1021
869 1147
870 871
870 872
871 872
873 874
873 875
873 876
873 877
873 878
873 879
873 1550
874 875
874 876
874 877
874 878
874 879
875 876
875 877
875 878
875 879
876 877
876 878
876 879
877 878
877 879
878 879
880 881
880 882
880 905
880 910
880 1604
880 1605
881 882
881 884
881 905
881 941
881 945
881 963
881 986
883 884
883 885
883 886
883 887
883 1554
884 885
884 886
884 887
885 886
885 887
886 887
888 889
888 890
888 891
888 892
888 895
888 926
888 954
888 1528
888 1573
889 890
889 891
889 892
889 905
889 927
889 941
889 959
890 891
892 893
892 894
892 954
893 894
894 1243
894 1701
895 896
895 897
895 898
895 899
895 900
895 901
895 959
896 897
896 898
896 899
896 900
896 901
896 905
896 954
896 959
897 898
897 899
897 900
897 901
898 899
898 900
898 901
899 900
899 901
900 901
902 903
904 905
904 906
904 907
904 908
904 909
904 919
904 948
905 906
905 907
905 908
905 909
905 948
905 949
906 907
906 908
906 909
907 908
907 909
908 909
910 911
910 912
910 1213
911 912
913 914
913 915
913 916
913 917
913 918
913 985
914 915
914 916
914 917
914 918
914 986
915 916
915 917
915 918
916 917
916 918
917 918
919 920
919 921
919 922
919 923
919 985
919 986
920 921
920 922
920 923
920 986
921 922
921 923
922 923
924 925
926 927
926 928
926 929
926 948
926 954
927 928
927 929
928 929
930 931
930 932
930 933
930 934
930 943
930 944
930 945
930 949
931 932
931 933
931 934
932 933
932 934
933 934
935 936
935 937
935 938
935 939
935 940
936 937
936 938
936 939
936 940
936 941
937 938
937 939
937 940
937 941
937 945
938 939
939 945
940 941
940 942
941 942
941 944
943 944
943 945
943 946
943 947
944 945
944 946
944 947
944 954
944 959
945 946
945 947
945 958
945 1118
946 947
946 1013
948 949
948 950
948 951
948 952
948 962
949 950
949 951
949 953
949 963
949 1614
950 951
952 953
954 955
954 956
954 957
954 958
954 959
954 1528
955 956
955 957
955 958
955 959
955 1338
956 957
956 958
956 959
957 958
957 959
958 959
960 961
960 966
960 1311
961 967
961 1195
962 963
962 964
962 965
962 966
963 964
963 965
963 967
963 1195
964 965
966 967
966 970
966 1063
967 1213
968 969
968 970
968 971
968 990
968 1128
969 970
969 971
969 986
969 990
969 991
969 1127
969 1198
970 971
970 990
970 1128
971 990
971 991
971 1127
971 1128
971 1198
972 973
972 974
972 975
972 976
972 1026
972 1027
972 1028
972 1175
972 1176
972 1177
972 1197
972 1243
972 1449
972 1450
972 1451
972 1452
972 1455
972 1456
972 1459
972 1697
973 974
973 975
973 976
973 1026
973 1027
973 1176
973 1198
974 975
974 976
974 1026
974 1027
974 1028
974 1392
974 1395
974 1451
975 976
975 1026
975 1027
975 1028
977 978
977 979
977 980
978 979
978 980
978 1027
978 1028
979 980
981 982
981 983
981 984
982 983
982 984
983 984
983 1117
985 986
985 987
985 1455
986 987
988 989
990 991
990 992
990 993
990 994
991 992
991 993
991 994
992 993
992 994
993 994
995 996
995 997
995 1439
996 997
998 999
998 1000
998 1001
998 1002
998 1003
998 1004
998 1005
998 1006
998 1007
998 1008
998 1009
999 1000
999 1001
999 1002
999 1003
999 1004
999 1005
999 1006
999 1007
999 1008
999 1009
1000 1001
1000 1002
1000 1003
1000 1004
1000 1005
1000 1006
1000 1007
1000 1008
1000 1009
1001 1002
1001 1003
1001 1004
1001 1005
1001 1006
1001 1007
1001 1008
1001 1009
1002 1003
1002 1004
1002 1005
1002 1006
1002 1007
1002 1008
1002 1009
1003 1004
1003 1005
1003 1006
1003 1007
1003 1008
1003 1009
1004 1005
1004 1006
1004 1007
1004 1008
1004 1009
1005 1006
1005 1007
1005 1008
1005 1009
1006 1007
1006 1008
1006 1009
1007 1008
1007 1009
1008 1009
1010 1011
1010 1012
1010 1013
1010 1018
1010 1021
1010 1371
1010 1511
1010 1573
1010 1765
1011 1012
1011 1013
1011 1018
1011 1019
1011 1021
1011 1022
1011 1765
1012 1013
1013 1018
1013 1142
1013 1765
1014 1015
1014 1016
1014 1017
1014 1021
1015 1016
1015 1017
1016 1017
1018 1019
1018 1020
1018 1021
1018 1022
1018 1771
1019 1020
1019 1021
1019 1022
1019 1765
1019 1771
1021 1022
1021 1023
1021 1024
1021 1025
1021 1771
1022 1023
1022 1024
1022 1025
1022 1765
1022 1771
1023 1024
1023 1025
1023 1118
1024 1025
1026 1027
1026 1028
1026 1029
1026 1030
1026 1031
1026 1032
1026 1033
1026 1034
1026 1038
1026 1047
1026 1049
1026 1050
1026 1063
1026 1169
1026 1322
1026 1425
1026 1467
1026 1468
1026 1623
1027 1028
1027 1029
1027 1030
1027 1031
1027 1032
1027 1033
1027 1034
1027 1036
1027 1047
1027 1049
1027 1050
1027 1428
1027 1623
1028 1029
1028 1030
1028 1031
1028 1032
1028 1033
1028 1050
1028 1057
1028 1100
1028 1173
1028 1361
1028 1623
1028 1633
1029 1030
1029 1031
1029 1032
1029 1033
1030 1031
1030 1032
1030 1033
1031 1032
1031 1033
1031 1333
1031 1334
1031 1338
1031 1339
1032 1033
1032 1339
1034 1035
1034 1036
1034 1037
1035 1036
1035 1037
1036 1037
1038 1039
1038 1040
1038 1041
1038 1042
1038 1043
1038 1044
1038 1045
1038 1046
1038 1175
1039 1040
1039 1041
1039 1042
1039 1043
1039 1044
1039 1045
1039 1046
1040 1041
1040 1042
1040 1043
1040 1044
1040 1045
1040 1046
1041 1042
1041 1043
1041 1044
1041 1045
1041 1046
1042 1043
1042 1044
1042 1045
1042 1046
1043 1044
1043 1045
1043 1046
1044 1045
1044 1046
1044 1057
1045 1046
1047 1048
1047 1049
1047 1050
1047 1051
1047 1052
1047 1053
1047 1054
1048 1049
1048 1050
1048 1051
1048 1052
1048 1053
1048 1054
1049 1050
1049 1051
1049 1052
1049 1053
1049 1054
1050 1051
1050 1052
1050 1053
1050 1054
1051 1052
1051 1053
1051 1054
1052 1053
1052 1054
1053 1054
1055 1056
1055 1057
1055 1058
1055 1059
1055 1063
1055 1064
1055 1085
1055 1105
1055 1151
1055 1152
1055 1166
1055 1172
1055 1243
1056 1057
1056 1058
1056 1059
1056 1063
1056 1151
1056 1172
1056 1197
1056 1369
1056 1475
1057 1058
1057 1059
1057 1063
1057 1064
1057 1151
1057 1198
1057 1475
1057 1476
1059 1060
1059 1061
1059 1062
1059 1063
1059 1151
1059 1152
1059 1165
1059 1166
1059 1172
1059 1173
1060 1061
1060 1062
1060 1064
1060 1172
1060 1173
1061 1062
1063 1064
1063 1065
1063 1084
1063 1085
1063 1087
1063 1093
1063 1151
1063 1158
1063 1277
1063 1427
1063 1475
1064 1065
1064 1084
1064 1087
1064 1151
1064 1173
1064 1396
1064 1475
1066 1067
1066 1068
1066 1069
1066 1070
1066 1071
1066 1072
1066 1073
1066 1074
1066 1075
1066 1076
1066 1077
1066 1078
1066 1079
1066 1080
1066 1081
1066 1082
1066 1083
1067 1068
1067 1069
1067 1070
1067 1071
1067 1072
1067 1073
1067 1074
1067 1075
1067 1076
1067 1077
1067 1078
1067 1079
1067 1080
1067 1081
1067 1082
1067 1083
1068 1069
1068 1070
1068 1071
1068 1072
1068 1073
1068 1074
1068 1075
1068 1076
1068 1077
1068 1078
1068 1079
1068 1080
1068 1081
1068 1082
1068 1083
1069 1070
1069 1071
1069 1072
1069 1073
1069 1074
1069 1075
1069 1076
1069 1077
1069 1078
1069 1079
1069 1080
1069 1081
1069 1082
1069 1083
1070 1071
1070 1072
1070 1073
1070 1074
1070 1075
1070 1076
1070 1077
1070 1078
1070 1079
1070 1080
1070 1081
1070 1082
1070 1083
1071 1072
1071 1073
1071 1074
1071 1075
1071 1076
1071 1077
1071 1078
1071 1079
1071 1080
1071 1081
1071 1082
1071 1083
1072 1073
1072 1074
1072 1075
1072 1076
1072 1077
1072 1078
1072 1079
1072 1080
1072 1081
1072 1082
1072 1083
1073 1074
1073 1075
1073 1076
1073 1077
1073 1078
1073 1079
1073 1080
1073 1081
1073 1082
1073 1083
1074 1075
1074 1076
1074 1077
1074 1078
1074 1079
1074 1080
1074 1081
1074 1082
1074 1083
1074 1554
1074 1555
1074 1556
1075 1076
1075 1077
1075 1078
1075 1079
1075 1080
1075 1081
1075 1082
1075 1083
1076 1077
1076 1078
1076 1079
1076 1080
1076 1081
1076 1082
1076 1083
1077 1078
1077 1079
1077 1080
1077 1081
1077 1082
1077 1083
1078 1079
1078 1080
1078 1081
1078 1082
1078 1083
1079 1080
1079 1081
1079 1082
1079 1083
1079 1314
1080 1081
1080 1082
1080 1083
1081 1082
1081 1083
1082 1083
1083 1104
1083 1105
1083 1604
1084 1085
1084 1086
1084 1087
1084 1088
1084 1151
1084 1243
1084 1475
1085 1086
1085 1087
1085 1088
1085 1098
1085 1104
1085 1105
1085 1151
1085 1152
1085 1172
1086 1087
1086 1088
1087 1088
1087 1151
1087 1152
1087 1173
1087 1215
1087 1241
1089 1090
1089 1091
1089 1092
1089 1093
1089 1094
1090 1091
1090 1092
1090 1475
1091 1092
1093 1094
1093 1095
1093 1096
1093 1151
1093 1152
1093 1197
1093 1475
1093 1476
1093 1494
1094 1095
1094 1096
1094 1097
1094 1098
1094 1475
1094 1494
1095 1096
1095 1475
1095 1476
1097 1098
1097 1099
1097 1100
1097 1151
1098 1099
1098 1100
1099 1100
1101 1102
1101 1103
1102 1103
1104 1105
1104 1106
1104 1117
1104 1118
1104 1165
1104 1166
1104 1172
1104 1701
1105 1106
1105 1166
1105 1172
1105 1604
1105 1654
1105 1655
1105 1701
1105 1702
1107 1108
1107 1109
1107 1110
1107 1111
1107 1112
1108 1109
1108 1110
1108 1111
1108 1112
1108 1119
1109 1110
1109 1111
1109 1112
1110 1111
1110 1112
1111 1112
1113 1114
1113 1115
1113 1116
1113 1238
1114 1115
1114 1116
1114 1119
1115 1116
1117 1118
1117 1119
1117 1120
1117 1121
1117 1122
1117 1151
1117 1165
1117 1175
1117 1197
1117 1207
1117 1208
1117 1212
1117 1483
1118 1119
1118 1120
1118 1121
1118 1122
1118 1124
1118 1207
1118 1231
1119 1120
1119 1121
1119 1123
1120 1121
1122 1123
1122 1124
1122 1125
1122 1126
1122 1127
1122 1128
1122 1129
1122 1130
1122 1175
1123 1124
1123 1125
1123 1126
1123 1127
1123 1128
1123 1129
1123 1130
1123 1176
1124 1125
1124 1126
1124 1127
1124 1128
1124 1129
1124 1130
1124 1202
1125 1126
1125 1127
1125 1128
1125 1129
1125 1130
1126 1127
1126 1128
1126 1129
1126 1130
1127 1128
1127 1129
1127 1130
1127 1300
1128 1129
1128 1130
1128 1299
1129 1130
1131 1132
1131 1133
1132 1133
1132 1238
1132 1239
1134 1135
1134 1136
1134 1137
1134 1138
1134 1139
1134 1140
1134 1141
1135 1136
1135 1137
1135 1138
1135 1139
1135 1140
1135 1141
1136 1137
1136 1138
1136 1139
1136 1140
1136 1141
1137 1138
1137 1139
1137 1140
1137 1141
1138 1139
1138 1140
1138 1141
1139 1140
1139 1141
1140 1141
1140 1238
1140 1243
1140 1244
1140 1312
1141 1239
1142 1143
1142 1144
1142 1145
1142 1207
1142 1208
1142 1237
1142 1238
1142 1239
1142 1311
1142 1353
1142 1495
1142 1505
1142 1506
1142 1509
1143 1144
1143 1145
1143 1207
1143 1208
1143 1237
1143 1239
1143 1247
1143 1273
1143 1311
1143 1353
1143 1496
1143 1509
1144 1145
1146 1147
1146 1165
1146 1166
1148 1149
1148 1150
1148 1151
1149 1150
1149 1151
1149 1152
1151 1152
1151 1153
1151 1158
1151 1159
1151 1176
1151 1182
1151 1277
1151 1413
1151 1646
1151 1647
1151 1650
1151 1651
1152 1153
1152 1159
1152 1183
1152 1277
1152 1350
1152 1413
1154 1155
1154 1156
1154 1157
1155 1156
1155 1157
1155 1178
1156 1157
1158 1159
1158 1160
1158 1161
1158 1257
1158 1348
1158 1349
1158 1350
1158 1550
1159 1160
1159 1161
1159 1257
1159 1348
1159 1349
1159 1350
1160 1161
1162 1163
1162 1164
1163 1164
1165 1166
1165 1167
1165 1168
1165 1172
1165 1173
1165 1197
1166 1167
1166 1168
1166 1172
1166 1173
1166 1314
1166 1315
1168 1169
1168 1170
1168 1171
1168 1172
1168 1173
1169 1170
1169 1171
1170 1171
1172 1173
1172 1174
1173 1174
1173 1361
1175 1176
1175 1177
1175 1178
1175 1179
1175 1180
1175 1181
1175 1232
1175 1299
1176 1177
1176 1178
1176 1179
1176 1180
1176 1181
1177 1178
1177 1179
1177 1180
1177 1181
1177 1300
1177 1304
1177 1563
1178 1179
1178 1180
1178 1181
1178 1183
1178 1456
1179 1180
1179 1181
1180 1181
1182 1183
1182 1184
1182 1185
1182 1186
1182 1187
1182 1188
1183 1184
1183 1185
1183 1186
1183 1187
1183 1188
1184 1185
1184 1186
1184 1187
1184 1188
1185 1186
1185 1187
1185 1188
1186 1187
1186 1188
1187 1188
1189 1190
1191 1192
1191 1193
1191 1194
1192 1193
1192 1194
1192 1195
1193 1194
1195 1196
1195 1198
1195 1486
1197 1198
1197 1199
1197 1200
1197 1201
1197 1202
1197 1228
1197 1544
1197 1546
1197 1568
1198 1199
1198 1200
1198 1201
1198 1202
1198 1273
1198 1519
1198 1544
1198 1545
1198 1547
1199 1200
1199 1201
1200 1201
1202 1203
1202 1204
1202 1205
1202 1206
1202 1207
1202 1208
1202 1212
1202 1213
1202 1215
1202 1238
1202 1241
1202 1243
1202 1244
1202 1272
1202 1273
1202 1277
1202 1278
1202 1305
1202 1468
1202 1618
1202 1619
1202 1620
1202 1633
1203 1204
1203 1205
1203 1206
1203 1207
1203 1208
1203 1209
1203 1212
1203 1213
1203 1215
1203 1241
1203 1244
1203 1272
1203 1273
1203 1277
1203 1278
1203 1282
1203 1286
1203 1306
1203 1618
1203 1619
1203 1620
1203 1633
1204 1205
1204 1206
1205 1206
1206 1212
1206 1213
1206 1215
1206 1277
1206 1278
1206 1619
1207 1208
1207 1209
1207 1210
1207 1211
1207 1212
1207 1213
1207 1215
1207 1277
1207 1278
1207 1450
1208 1209
1208 1210
1208 1211
1208 1215
1208 1450
1209 1210
1209 1211
1210 1211
1212 1213
1212 1214
1212 1215
1212 1216
1212 1217
1212 1218
1212 1238
1212 1277
1212 1278
1212 1322
1212 1327
1212 1367
1212 1371
1212 1372
1212 1398
1212 1428
1212 1439
1212 1467
1212 1468
1212 1473
1212 1592
1212 1593
1212 1618
1212 1619
1212 1620
1212 1637
1212 1697
1213 1214
1213 1215
1213 1216
1213 1217
1213 1218
1213 1272
1213 1277
1213 1278
1213 1282
1213 1306
1213 1426
1213 1428
1213 1440
1213 1618
1213 1619
1213 1620
1213 1636
1213 1637
1213 1639
1214 1215
1214 1216
1214 1217
1214 1218
1214 1322
1214 1402
1214 1469
1214 1619
1214 1620
1215 1216
1215 1217
1215 1218
1215 1241
1215 1273
1215 1277
1215 1278
1215 1306
1215 1426
1215 1428
1215 1466
1215 1618
1216 1217
1216 1218
1217 1218
1217 1314
1219 1220
1219 1221
1219 1222
1219 1243
1220 1221
1220 1222
1220 1243
1220 1244
1220 1301
1220 1487
1221 1222
1223 1224
1223 1225
1224 1225
1224 1238
1224 1239
1224 1241
1224 1243
1224 1244
1226 1227
1226 1231
1226 1486
1226 1592
1226 1593
1227 1232
1227 1299
1227 1300
1227 1301
1227 1311
1227 1312
1228 1229
1228 1230
1229 1230
1231 1232
1231 1233
1231 1234
1231 1237
1231 1238
1231 1239
1231 1243
1231 1251
1231 1252
1231 1282
1231 1439
1231 1697
1231 1698
1231 1701
1231 1702
1232 1233
1232 1234
1232 1237
1232 1238
1232 1239
1232 1241
1232 1243
1232 1244
1232 1252
1232 1282
1232 1440
1232 1697
1232 1701
1232 1702
1233 1234
1235 1236
1235 1237
1235 1697
1236 1237
1237 1238
1237 1239
1237 1241
1237 1243
1237 1244
1237 1698
1237 1701
1237 1702
1238 1239
1238 1240
1238 1241
1238 1242
1238 1243
1238 1244
1238 1245
1238 1246
1238 1247
1238 1248
1238 1251
1238 1277
1238 1282
1238 1327
1238 1328
1238 1451
1238 1475
1238 1514
1239 1240
1239 1241
1239 1242
1239 1243
1239 1244
1239 1245
1239 1246
1239 1247
1239 1248
1239 1312
1239 1328
1240 1241
1240 1242
1240 1243
1240 1244
1240 1245
1240 1246
1240 1247
1240 1248
1241 1242
1241 1243
1241 1244
1241 1245
1241 1246
1241 1247
1241 1248
1241 1277
1241 1278
1241 1282
1241 1330
1241 1620
1242 1243
1242 1244
1242 1245
1242 1246
1242 1247
1242 1248
1243 1244
1243 1245
1243 1246
1243 1247
1243 1248
1243 1277
1243 1282
1243 1327
1243 1427
1243 1623
1243 1654
1244 1245
1244 1246
1244 1247
1244 1248
1244 1277
1244 1655
1245 1246
1245 1247
1245 1248
1246 1247
1246 1248
1247 1248
1247 1322
1247 1486
1247 1599
1249 1250
1250 1312
1250 1315
1251 1252
1251 1253
1251 1254
1251 1255
1251 1299
1251 1322
1251 1323
1251 1511
1251 1587
1251 1609
1251 1610
1252 1253
1252 1254
1252 1255
1252 1299
1252 1300
1252 1610
1253 1254
1253 1255
1254 1255
1256 1257
1256 1258
1256 1259
1256 1260
1256 1348
1256 1349
1256 1350
1257 1258
1257 1259
1257 1260
1257 1301
1257 1348
1257 1350
1258 1259
1258 1260
1259 1260
1262 1263
1262 1264
1262 1265
1262 1266
1262 1267
1262 1294
1262 1398
1262 1450
1262 1640
1262 1641
1262 1642
1262 1643
1263 1264
1263 1265
1263 1266
1263 1267
1263 1294
1263 1295
1263 1301
1263 1450
1263 1640
1263 1641
1263 1642
1263 1643
1264 1265
1264 1266
1264 1267
1265 1266
1265 1267
1266 1267
1268 1269
1268 1270
1268 1271
1268 1295
1268 1299
1268 1439
1269 1270
1269 1271
1269 1295
1269 1299
1269 1300
1269 1301
1270 1271
1272 1273
1272 1274
1272 1275
1272 1276
1272 1277
1272 1278
1272 1293
1272 1344
1272 1511
1273 1274
1273 1275
1273 1276
1273 1277
1273 1278
1273 1282
1273 1293
1274 1275
1274 1276
1275 1276
1277 1278
1277 1279
1277 1280
1277 1281
1277 1618
1277 1619
1277 1620
1277 1646
1277 1647
1277 1650
1277 1651
1278 1279
1278 1280
1278 1281
1278 1618
1278 1651
1279 1280
1279 1281
1280 1281
1281 1618
1281 1619
1281 1620
1282 1283
1282 1284
1282 1697
1282 1698
1282 1701
1282 1702
1283 1284
1283 1698
1285 1286
1285 1287
1285 1288
1285 1470
1286 1287
1286 1288
1287 1288
1289 1290
1289 1291
1289 1292
1289 1293
1290 1291
1290 1292
1290 1293
1291 1292
1291 1293
1292 1293
1292 1640
1292 1641
1292 1642
1292 1643
1292 1701
1294 1295
1294 1296
1294 1297
1294 1298
1294 1390
1294 1439
1294 1449
1294 1450
1294 1451
1294 1452
1294 1455
1294 1456
1294 1463
1294 1528
1294 1587
1294 1596
1294 1640
1294 1641
1294 1642
1294 1643
1295 1296
1295 1297
1295 1298
1295 1301
1295 1451
1295 1455
1295 1640
1295 1641
1295 1642
1295 1643
1296 1297
1296 1298
1297 1298
1298 1392
1298 1395
1298 1398
1298 1451
1298 1455
1298 1459
1299 1300
1299 1301
1299 1302
1299 1303
1299 1304
1299 1371
1299 1385
1299 1573
1299 1611
1299 1661
1300 1301
1300 1302
1300 1303
1300 1304
1300 1427
1300 1428
1300 1444
1300 1660
1300 1661
1300 1667
1301 1302
1301 1303
1301 1304
1301 1426
1301 1428
1301 1433
1301 1528
1301 1596
1301 1660
1301 1661
1301 1667
1302 1303
1302 1304
1303 1304
1305 1306
1305 1307
1305 1308
1305 1309
1305 1310
1305 1469
1306 1307
1306 1308
1306 1309
1306 1310
1306 1323
1307 1308
1307 1309
1307 1310
1308 1309
1308 1310
1309 1310
1309 1334
1309 1338
1310 1333
1311 1312
1311 1313
1311 1319
1311 1459
1312 1313
1312 1315
1312 1319
1312 1323
1314 1315
1314 1316
1314 1317
1314 1319
1314 1449
1315 1316
1315 1317
1315 1319
1315 1323
1315 1565
1316 1317
1318 1319
1318 1320
1318 1321
1319 1320
1319 1321
1319 1322
1319 1323
1319 1400
1319 1639
1320 1321
1322 1323
1322 1324
1322 1325
1322 1326
1322 1425
1322 1518
1322 1701
1323 1324
1323 1325
1323 1326
1323 1426
1323 1518
1324 1325
1324 1326
1325 1326
1327 1328
1327 1329
1327 1330
1327 1331
1327 1332
1327 1333
1327 1338
1327 1341
1327 1402
1327 1403
1327 1623
1327 1624
1328 1329
1328 1330
1328 1331
1328 1332
1328 1334
1328 1338
1328 1339
1328 1403
1328 1623
1328 1624
1329 1330
1329 1331
1329 1332
1330 1331
1330 1332
1330 1624
1330 1639
1331 1332
1333 1334
1333 1335
1333 1336
1333 1337
1333 1338
1333 1339
1333 1340
1333 1623
1333 1624
1334 1335
1334 1336
1334 1337
1334 1338
1334 1339
1334 1340
1334 1619
1335 1336
1335 1337
1335 1338
1335 1339
1335 1340
1336 1337
1336 1338
1336 1339
1336 1340
1337 1338
1337 1339
1337 1340
1338 1339
1338 1340
1338 1355
1338 1465
1338 1596
1338 1619
1338 1623
1339 1340
1341 1342
1341 1343
1341 1344
1341 1345
1341 1353
1341 1388
1341 1407
1341 1408
1341 1432
1341 1443
1341 1587
1341 1588
1341 1589
1342 1343
1342 1344
1342 1345
1342 1408
1344 1345
1344 1346
1344 1347
1344 1410
1344 1411
1344 1439
1344 1577
1344 1582
1344 1587
1344 1588
1344 1589
1344 1596
1344 1632
1344 1761
1345 1346
1345 1347
1345 1356
1345 1372
1345 1377
1345 1408
1345 1411
1345 1632
1346 1347
1348 1349
1348 1350
1348 1351
1348 1352
1348 1418
1348 1419
1348 1577
1349 1350
1349 1351
1349 1352
1349 1419
1350 1351
1350 1352
1350 1419
1351 1352
1353 1354
1353 1355
1353 1356
1353 1357
1353 1358
1353 1367
1353 1390
1353 1392
1353 1398
1353 1400
1353 1505
1353 1506
1354 1355
1354 1356
1354 1357
1354 1358
1354 1368
1354 1371
1354 1372
1354 1393
1354 1394
1354 1398
1354 1399
1354 1400
1355 1356
1355 1357
1355 1358
1355 1392
1355 1395
1355 1398
1355 1402
1356 1357
1356 1358
1356 1368
1356 1392
1356 1393
1356 1396
1356 1403
1357 1358
1359 1360
1359 1361
1359 1362
1359 1363
1359 1364
1359 1365
1359 1366
1359 1367
1359 1371
1359 1392
1359 1399
1360 1361
1360 1362
1360 1363
1360 1364
1360 1365
1360 1366
1360 1368
1360 1392
1360 1394
1360 1398
1360 1399
1361 1362
1361 1363
1361 1364
1361 1365
1361 1366
1362 1363
1362 1364
1362 1365
1362 1366
1363 1364
1363 1365
1363 1366
1364 1365
1364 1366
1365 1366
1367 1368
1367 1369
1367 1370
1367 1390
1367 1392
1367 1394
1367 1395
1367 1396
1367 1398
1367 1399
1367 1400
1367 1408
1367 1596
1368 1369
1368 1370
1368 1372
1368 1390
1368 1392
1368 1393
1368 1394
1368 1396
1368 1399
1368 1400
1368 1408
1369 1370
1371 1372
1371 1373
1371 1374
1371 1375
1371 1388
1371 1392
1371 1395
1371 1399
1371 1410
1371 1412
1371 1413
1371 1419
1371 1633
1372 1373
1372 1374
1372 1375
1372 1388
1372 1394
1372 1396
1372 1399
1372 1410
1372 1411
1372 1412
1372 1413
1372 1419
1372 1633
1373 1374
1373 1375
1374 1375
1375 1393
1375 1400
1376 1377
1376 1378
1376 1379
1376 1380
1376 1381
1376 1382
1376 1383
1376 1384
1376 1385
1376 1386
1376 1387
1376 1388
1376 1389
1376 1411
1377 1378
1377 1379
1377 1380
1377 1381
1377 1382
1377 1383
1377 1384
1377 1385
1377 1386
1377 1387
1377 1388
1377 1389
1377 1476
1378 1379
1378 1380
1378 1381
1378 1382
1378 1383
1378 1384
1378 1385
1378 1386
1378 1387
1378 1388
1378 1389
1379 1380
1379 1381
1379 1382
1379 1383
1379 1384
1379 1385
1379 1386
1379 1387
1379 1388
1379 1389
1380 1381
1380 1382
1380 1383
1380 1384
1380 1385
1380 1386
1380 1387
1380 1388
1380 1389
1380 1639
1381 1382
1381 1383
1381 1384
1381 1385
1381 1386
1381 1387
1381 1388
1381 1389
1381 1402
1382 1383
1382 1384
1382 1385
1382 1386
1382 1387
1382 1388
1382 1389
1382 1403
1383 1384
1383 1385
1383 1386
1383 1387
1383 1388
1383 1389
1384 1385
1384 1386
1384 1387
1384 1388
1384 1389
1385 1386
1385 1387
1385 1388
1385 1389
1386 1387
1386 1388
1386 1389
1386 1411
1387 1388
1387 1389
1388 1389
1388 1410
1388 1413
1389 1410
1390 1391
1390 1392
1390 1393
1390 1394
1390 1395
1390 1396
1390 1397
1390 1398
1390 1399
1390 1400
1390 1401
1391 1392
1391 1393
1391 1394
1391 1395
1391 1396
1391 1397
1391 1398
1391 1399
1391 1400
1391 1401
1392 1393
1392 1394
1392 1395
1392 1396
1392 1397
1392 1398
1392 1399
1392 1400
1392 1401
1392 1583
1393 1394
1393 1395
1393 1396
1393 1397
1393 1398
1393 1399
1393 1400
1393 1401
1393 1583
1394 1395
1394 1396
1394 1397
1394 1398
1394 1399
1394 1400
1394 1401
1395 1396
1395 1397
1395 1398
1395 1399
1395 1400
1395 1401
1396 1397
1396 1398
1396 1399
1396 1400
1396 1401
1397 1398
1397 1399
1397 1400
1397 1401
1398 1399
1398 1400
1398 1401
1399 1400
1399 1401
1400 1401
1402 1403
1402 1404
1402 1405
1402 1406
1402 1407
1402 1408
1402 1409
1402 1413
1403 1404
1403 1405
1403 1406
1403 1407
1403 1408
1403 1409
1403 1413
1403 1440
1404 1405
1404 1406
1404 1407
1404 1408
1404 1409
1405 1406
1405 1407
1405 1408
1405 1409
1406 1407
1406 1408
1406 1409
1407 1408
1407 1409
1408 1409
1410 1411
1410 1412
1410 1413
1411 1412
1411 1413
1411 1689
1412 1413
1413 1689
1414 1415
1414 1416
1414 1417
1414 1418
1414 1419
1414 1420
1414 1421
1414 1422
1414 1423
1415 1416
1415 1417
1415 1418
1415 1419
1415 1420
1415 1421
1415 1422
1415 1423
1416 1417
1416 1418
1416 1419
1416 1420
1416 1421
1416 1422
1416 1423
1417 1418
1417 1419
1417 1420
1417 1421
1417 1422
1417 1423
1418 1419
1418 1420
1418 1421
1418 1422
1418 1423
1419 1420
1419 1421
1419 1422
1419 1423
1420 1421
1420 1422
1420 1423
1421 1422
1421 1423
1422 1423
1424 1425
1424 1426
1425 1426
1425 1427
1426 1428
1427 1428
1427 1429
1427 1430
1427 1431
1427 1474
1427 1475
1428 1429
1428 1430
1428 1431
1428 1464
1428 1474
1429 1430
1429 1431
1430 1431
1432 1433
1432 1467
1432 1468
1432 1555
1432 1599
1433 1555
1434 1435
1434 1436
1434 1437
1434 1438
1434 1439
1435 1436
1435 1437
1435 1438
1435 1440
1435 1452
1435 1456
1436 1437
1436 1438
1436 1582
1437 1438
1437 1439
1437 1440
1437 1449
1437 1450
1437 1451
1437 1452
1437 1455
1437 1456
1439 1440
1439 1441
1439 1442
1439 1443
1439 1444
1439 1451
1439 1455
1439 1697
1439 1701
1440 1441
1440 1442
1440 1443
1440 1444
1440 1446
1440 1449
1440 1452
1440 1455
1440 1456
1440 1459
1441 1442
1441 1443
1441 1444
1442 1443
1442 1444
1443 1444
1443 1449
1443 1450
1443 1451
1443 1452
1443 1455
1443 1456
1443 1459
1443 1697
1444 1450
1444 1451
1444 1455
1444 1459
1444 1697
1444 1698
1445 1446
1445 1447
1445 1448
1445 1449
1445 1450
1445 1451
1445 1455
1445 1459
1445 1467
1446 1447
1446 1448
1446 1450
1446 1451
1446 1452
1446 1456
1446 1468
1446 1476
1447 1448
1449 1450
1449 1451
1449 1452
1449 1453
1449 1454
1449 1455
1449 1456
1449 1457
1449 1458
1449 1459
1449 1460
1449 1461
1449 1462
1449 1463
1450 1451
1450 1452
1450 1453
1450 1454
1450 1455
1450 1456
1450 1457
1450 1458
1450 1459
1450 1460
1450 1461
1450 1462
1450 1513
1451 1452
1451 1453
1451 1454
1451 1455
1451 1456
1451 1457
1451 1458
1451 1459
1451 1460
1451 1461
1451 1462
1451 1701
1452 1453
1452 1454
1452 1455
1452 1456
1452 1457
1452 1458
1452 1459
1452 1460
1452 1461
1452 1462
1453 1454
1453 1455
1453 1456
1453 1457
1453 1458
1453 1459
1453 1460
1453 1461
1453 1462
1454 1455
1454 1456
1454 1457
1454 1458
1454 1459
1454 1460
1454 1461
1454 1462
1455 1456
1455 1457
1455 1458
1455 1459
1455 1460
1455 1461
1455 1462
1456 1457
1456 1458
1456 1459
1456 1460
1456 1461
1456 1462
1457 1458
1457 1459
1457 1460
1457 1461
1457 1462
1458 1459
1458 1460
1458 1461
1458 1462
1459 1460
1459 1461
1459 1462
1459 1596
1460 1461
1460 1462
1461 1462
1463 1464
1463 1465
1463 1466
1463 1467
1463 1468
1463 1469
1463 1470
1463 1620
1464 1465
1464 1466
1464 1468
1464 1470
1464 1487
1465 1466
1465 1642
1467 1468
1467 1469
1467 1470
1467 1471
1467 1472
1467 1473
1467 1474
1468 1469
1468 1470
1468 1471
1468 1472
1468 1473
1468 1474
1468 1583
1469 1470
1469 1471
1469 1472
1469 1473
1469 1596
1470 1471
1470 1472
1470 1473
1470 1474
1471 1472
1473 1474
1474 1475
1475 1476
1475 1477
1475 1478
1475 1479
1475 1480
1475 1497
1476 1477
1476 1478
1476 1479
1476 1480
1477 1478
1477 1479
1477 1480
1478 1479
1478 1480
1479 1480
1481 1482
1482 1486
1482 1487
1483 1484
1483 1485
1484 1485
1486 1487
1486 1488
1486 1489
1486 1490
1486 1622
1487 1488
1487 1489
1487 1490
1487 1622
1488 1489
1488 1490
1489 1490
1491 1492
1491 1493
1491 1494
1492 1493
1492 1494
1493 1494
1495 1496
1495 1497
1495 1498
1495 1499
1495 1632
1495 1633
1496 1497
1496 1498
1496 1499
1497 1498
1497 1499
1497 1505
1497 1511
1497 1512
1497 1514
1497 1515
1497 1623
1498 1499
1498 1506
1498 1512
1498 1515
1500 1501
1500 1502
1500 1503
1500 1504
1501 1502
1501 1503
1501 1504
1501 1697
1501 1698
1502 1503
1502 1504
1503 1504
1505 1506
1505 1507
1505 1508
1505 1509
1505 1510
1505 1511
1505 1512
1505 1513
1505 1514
1505 1515
1505 1517
1505 1539
1505 1544
1505 1546
1505 1573
1505 1596
1506 1507
1506 1508
1506 1509
1506 1510
1506 1512
1506 1513
1506 1515
1506 1517
1506 1540
1506 1547
1506 1597
1506 1620
1507 1508
1507 1509
1507 1510
1508 1509
1508 1510
1509 1510
1509 1632
1509 1633
1511 1512
1511 1513
1511 1514
1511 1515
1511 1516
1511 1517
1511 1518
1511 1522
1511 1523
1511 1535
1511 1546
1511 1573
1512 1513
1512 1514
1512 1515
1512 1516
1512 1517
1512 1518
1512 1519
1512 1523
1512 1759
1513 1514
1513 1515
1513 1516
1513 1517
1513 1518
1513 1519
1513 1523
1513 1529
1513 1600
1513 1673
1514 1515
1514 1516
1514 1517
1514 1518
1514 1522
1514 1528
1515 1516
1515 1517
1515 1518
1515 1519
1515 1523
1515 1526
1516 1517
1517 1599
1518 1519
1518 1520
1518 1521
1519 1520
1519 1521
1520 1521
1522 1523
1522 1524
1522 1525
1522 1526
1522 1527
1522 1528
1523 1524
1523 1525
1523 1526
1523 1527
1523 1528
1523 1529
1524 1525
1524 1526
1524 1527
1525 1526
1525 1527
1526 1527
1528 1529
1528 1530
1528 1531
1528 1532
1528 1533
1528 1534
1528 1535
1528 1536
1528 1543
1528 1544
1528 1550
1528 1551
1528 1573
1528 1596
1528 1599
1528 1600
1529 1530
1529 1531
1529 1532
1529 1533
1529 1534
1529 1535
1529 1536
1529 1550
1529 1551
1529 1573
1529 1596
1529 1599
1529 1600
1530 1531
1530 1532
1530 1533
1530 1534
1531 1532
1531 1533
1531 1534
1532 1533
1532 1534
1533 1534
1535 1536
1535 1537
1535 1538
1535 1539
1535 1540
1535 1544
1536 1537
1536 1538
1536 1540
1536 1568
1536 1569
1537 1538
1539 1540
1539 1541
1539 1613
1540 1541
1540 1614
1542 1543
1544 1545
1544 1546
1544 1547
1544 1548
1544 1549
1544 1551
1544 1554
1544 1562
1544 1604
1544 1618
1545 1546
1545 1547
1545 1548
1545 1549
1545 1551
1545 1604
1545 1605
1546 1547
1546 1548
1546 1549
1546 1609
1546 1610
1546 1636
1546 1637
1546 1639
1547 1548
1547 1549
1547 1636
1547 1637
1547 1639
1548 1549
1550 1551
1550 1552
1550 1553
1550 1556
1550 1565
1550 1587
1550 1604
1550 1605
1551 1552
1551 1553
1551 1554
1551 1555
1551 1565
1551 1600
1551 1604
1551 1605
1552 1553
1554 1555
1554 1556
1554 1557
1554 1558
1554 1559
1554 1560
1554 1561
1554 1562
1554 1565
1555 1556
1555 1557
1555 1558
1555 1559
1555 1560
1555 1562
1555 1565
1555 1600
1556 1557
1556 1558
1556 1559
1556 1560
1556 1561
1556 1562
1556 1564
1556 1565
1557 1558
1557 1559
1557 1560
1558 1559
1558 1560
1559 1560
1561 1562
1561 1563
1561 1565
1561 1592
1561 1593
1561 1599
1561 1600
1561 1623
1561 1646
1561 1650
1562 1563
1562 1565
1562 1599
1562 1600
1564 1565
1564 1566
1564 1567
1565 1566
1565 1567
1565 1599
1565 1600
1566 1567
1568 1569
1568 1570
1568 1571
1568 1572
1569 1570
1569 1571
1569 1572
1570 1571
1570 1572
1571 1572
1573 1574
1573 1575
1573 1576
1573 1587
1573 1609
1573 1610
1574 1575
1574 1576
1575 1576
1577 1578
1577 1579
1577 1580
1577 1581
1577 1582
1577 1583
1577 1599
1577 1613
1577 1654
1578 1579
1578 1580
1578 1581
1579 1580
1579 1581
1580 1581
1582 1583
1582 1584
1582 1585
1582 1586
1582 1588
1582 1604
1582 1605
1583 1584
1583 1585
1583 1586
1583 1587
1583 1588
1583 1589
1583 1604
1583 1605
1584 1585
1584 1586
1585 1586
1587 1588
1587 1589
1587 1590
1587 1591
1587 1592
1587 1593
1587 1596
1587 1597
1587 1632
1587 1633
1588 1589
1588 1590
1588 1591
1588 1592
1588 1593
1588 1632
1588 1633
1589 1590
1589 1591
1589 1593
1589 1596
1589 1597
1589 1600
1589 1632
1589 1633
1590 1591
1592 1593
1592 1594
1592 1595
1592 1596
1592 1597
1593 1594
1593 1595
1593 1596
1593 1597
1594 1595
1596 1597
1596 1598
1596 1609
1596 1610
1597 1598
1597 1610
1599 1600
1599 1601
1599 1602
1599 1603
1599 1604
1599 1605
1600 1601
1600 1602
1600 1603
1600 1604
1600 1605
1601 1602
1601 1603
1602 1603
1604 1605
1604 1606
1604 1607
1604 1608
1604 1630
1605 1606
1605 1607
1605 1608
1606 1607
1606 1608
1607 1608
1609 1610
1609 1611
1609 1612
1609 1613
1609 1614
1610 1611
1610 1613
1610 1614
1611 1612
1611 1613
1611 1614
1612 1613
1612 1614
1613 1614
1613 1615
1613 1616
1613 1617
1613 1642
1614 1615
1614 1616
1614 1617
1615 1616
1615 1617
1616 1617
1618 1619
1618 1620
1618 1621
1618 1622
1618 1623
1618 1624
1619 1620
1619 1621
1619 1622
1619 1623
1619 1624
1620 1621
1620 1622
1620 1624
1621 1622
1623 1624
1623 1625
1623 1633
1624 1625
1624 1632
1624 1633
1624 1647
1626 1627
1626 1628
1626 1629
1626 1630
1626 1631
1627 1628
1627 1629
1627 1630
1627 1631
1628 1629
1628 1630
1628 1631
1629 1630
1629 1631
1630 1631
1631 1632
1631 1633
1632 1633
1632 1634
1632 1635
1632 1701
1633 1634
1633 1635
1634 1635
1636 1637
1636 1638
1636 1639
1636 1640
1636 1661
1637 1638
1637 1639
1637 1640
1637 1661
1637 1662
1638 1639
1639 1640
1639 1661
1639 1662
1640 1641
1640 1642
1640 1643
1640 1644
1640 1645
1641 1642
1641 1643
1641 1644
1641 1645
1641 1647
1642 1643
1642 1644
1642 1645
1643 1644
1643 1645
1643 1647
1644 1645
1646 1647
1646 1648
1646 1649
1646 1650
1646 1651
1646 1652
1647 1648
1647 1649
1647 1650
1647 1651
1647 1652
1648 1649
1648 1650
1648 1651
1648 1652
1649 1650
1649 1651
1649 1652
1650 1651
1650 1652
1651 1652
1654 1655
1654 1656
1654 1657
1654 1658
1654 1659
1654 1661
1654 1662
1654 1667
1654 1672
1654 1678
1654 1679
1654 1681
1654 1693
1654 1694
1655 1656
1655 1657
1655 1658
1655 1659
1655 1661
1655 1662
1655 1668
1655 1672
1655 1678
1655 1679
1655 1681
1655 1682
1655 1683
1655 1694
1656 1657
1656 1658
1656 1659
1657 1658
1657 1659
1658 1659
1660 1693
1660 1694
1661 1662
1661 1663
1661 1664
1661 1665
1661 1666
1661 1672
1661 1681
1661 1682
1661 1683
1661 1693
1661 1694
1662 1663
1662 1664
1662 1665
1662 1666
1662 1681
1662 1682
1662 1683
1662 1693
1662 1701
1662 1702
1663 1664
1663 1665
1663 1666
1663 1683
1664 1665
1664 1666
1665 1666
1667 1668
1667 1669
1667 1670
1667 1672
1667 1681
1667 1682
1667 1683
1667 1693
1667 1694
1668 1669
1668 1670
1668 1681
1668 1682
1668 1683
1668 1693
1668 1701
1668 1702
1669 1670
1672 1677
1672 1678
1672 1679
1672 1681
1672 1682
1672 1683
1674 1675
1674 1676
1675 1676
1678 1679
1678 1680
1678 1681
1678 1693
1678 1694
1679 1680
1679 1682
1679 1683
1679 1694
1681 1682
1681 1683
1681 1684
1682 1683
1682 1684
1682 1690
1683 1684
1683 1688
1685 1686
1685 1687
1685 1688
1686 1687
1686 1688
1687 1688
1689 1690
1689 1691
1689 1692
1690 1691
1690 1692
1691 1692
1693 1694
1693 1695
1693 1696
1694 1695
1694 1696
1695 1696
1697 1698
1697 1699
1697 1700
1697 1701
1697 1702
1698 1699
1698 1700
1698 1701
1698 1702
1699 1700
1701 1702
1701 1703
1701 1704
1702 1703
1702 1704
1703 1704
1705 1706
1705 1707
1705 1708
1705 1709
1706 1707
1706 1708
1706 1709
1707 1708
1707 1709
1708 1709
1710 1711
1710 1712
1710 1713
1710 1714
1710 1715
1710 1716
1710 1717
1711 1712
1711 1713
1711 1714
1711 1715
1711 1716
1711 1717
1712 1713
1712 1714
1712 1715
1712 1716
1712 1717
1713 1714
1713 1715
1713 1716
1713 1717
1714 1715
1714 1716
1714 1717
1715 1716
1715 1717
1716 1717
1718 1719
1718 1720
1718 1721
1718 1722
1719 1720
1719 1721
1719 1722
1720 1721
1720 1722
1721 1722
1723 1724
1723 1725
1723 1726
1724 1725
1724 1726
1725 1726
1727 1728
1727 1729
1727 1730
1728 1729
1728 1730
1729 1730
1731 1732
1731 1733
1731 1734
1731 1735
1732 1733
1732 1734
1732 1735
1733 1734
1733 1735
1734 1735
1736 1737
1736 1738
1736 1739
1736 1740
1737 1738
1737 1739
1737 1740
1738 1739
1738 1740
1739 1740
1741 1742
1741 1743
1741 1744
1741 1745
1742 1743
1742 1744
1742 1745
1743 1744
1743 1745
1744 1745
1746 1747
1746 1748
1746 1749
1747 1748
1747 1749
1748 1749
1750 1751
1750 1752
1751 1752
1753 1754
1753 1755
1753 1756
1753 1757
1753 1758
1753 1759
1753 1760
1754 1755
1754 1756
1754 1757
1754 1758
1754 1759
1754 1760
1755 1756
1755 1757
1755 1758
1755 1759
1755 1760
1756 1757
1756 1758
1756 1759
1756 1760
1757 1758
1757 1759
1757 1760
1758 1759
1758 1760
1759 1760
1761 1762
1761 1763
1761 1764
1762 1763
1762 1764
1763 1764
1765 1766
1765 1767
1766 1767
1768 1769
1768 1770
1769 1770
1771 1772
1771 1773
1771 1774
1772 1773
1772 1774
1773 1774
